109845
121203
134044
109445
120921
124097
103352
73424
134526
75528
79589
97084
99530
89897
96955
99972
129549
96190
77260
127130
85497
92341
95756
136387
98892
103412
91818
124125
86765
90283
97752
122877
81911
88643
88643
22741
46372
68658
17131
38476
47071
18666
55684
9489
21075
41267
50173
5410
32177
41503
18023
47600
63555
45277
21611
9674
17326
66543
23762
28225
36604
48267
1447
5143
52716
54685
59008
19473
70562
44368
63791
12166
46648
46648
57908
63863
68206
1285
28523
11883
28015
66147
67409
49676
51148
51148
89071
102866
133587
132641
102399
75454
71414
124012
111297
120237
120237
71717
94638
83662
132098
91208
108998
120461
86356
91494
131891
131891
113095
124884
127613
102219
109041
123945
125650
89793
133341
76544
138076
135279
137013
99552
98343
15294
31805
107
10586
31007
41149
14637
38173
53111
119035
103111
97859
114204
109981
125598
134919
113782
92427
104293
133600
140287
139805
125326
120141
123723
122010
73933
81292
81690
107811
115304
133959
77671
91884
97621
123772
41422
42976
48871
58921
19593
30271
5660
28637
62311
94035
111458
115256
73283
78094
83621
111379
139462
125488
99015
73225
100255
121642
89061
122754
99539
104370
123630
81281
96532
125478
129560
97399
117409
137928
53045
56183
57578
37197
15724
22042
38907
60645
55472
26453
34878
35355
50233
58710
26037
39034
49678
46898
27015
63105
26495
30173
32442
21856
21870
46527
48457
15373
30082
18298
53815
53815
136562
81604
104596
107685
139404
103119
90460
136352
92142
92142
114943
114444
138312
138312
139442
19698
30972
45940
14442
14442
36673
20181
41502
66090
69700
2037
28429
34257
30774
21259
52859
66796
18583
41730
56712
57583
63424
37433
16688
56318
17914
32194
52460
65947
9728
51205
51205
36745
46248
53733
22014
37211
38408
55116
24713
41494
7317
22161
41310
48929
4419
16612
45768
69099
42550
6215
52803
58793
40010
29252
29252
59174
34538
27270
30412
39230
11456
64665
45347
45643
64099
22233
23007
9821
21123
2004
56294
20183
77122
105066
129630
107413
81200
135839
109081
119610
93976
117683
119190
122282
91275
91771
123260
129358
134741
87338
125621
130121
86276
131697
87340
91045
106669
115622
140058
71846
104531
133309
134838
71029
90218
96716
85880
97307
78953
98588
101398
126094
138263
119518
122430
123414
21328
21328
48611
26743
38551
45664
2734
53847
6642
26470
40903
21912
24532
60132
77897
108968
120877
125508
132079
118277
39057
22561
40528
40528
49974
66384
51893
33936
59223
18755
26522
54197
60953
77094
118456
123363
139422
121065
82537
105826
105826
132500
132500
139128
124837
111191
33456
26982
41260
47195
64936
44246
64754
11278
51596
54345
14768
14768
32260
38717
40919
45490
23724
41883
62921
7582
51277
12325
26584
42266
49106
71704
92141
92141
124512
72543
74302
100064
113496
97209
85488
92456
92630
132771
76896
76896
85910
139125
139125
84543
138844
140755
31369
32148
48746
30810
55730
21851
34429
66927
15251
34226
14027
19709
23606
76410
85540
124968
82954
98987
104711
137634
138122
11304
32379
2137
39385
39620
33727
39093
68509
16051
35291
52527
39258
8886
15119
65065
1874
67868
1021
5816
58413
30028
53286
54815
67628
68039
56972
89089
95615
130225
89056
107402
113215
128157
140242
119796
99503
119083
85571
119229
62434
59197
63778
5839
10518
40444
56132
23577
8495
68971
19373
80085
123292
131510
135416
135848
111500
97177
78119
110871
106230
78880
97357
81966
83639
104145
104993
107380
107628
118407
118407
93025
125746
77217
77883
107631
99795
101767
137943
88807
121298
84143
91715
81041
95893
74911
75790
96713
98117
91181
134376
82877
104595
131013
119690
135764
124538
97287
130677
92995
130688
82930
122305
136819
88477
117802
84303
85528
119981
116163
79320
104821
91684
95216
131322
75316
77416
98494
131420
123164
107957
124534
24271
30509
55708
34840
61045
63961
13019
45171
57386
1161
125838
74012
73760
128656
79654
118006
135378
116841
116841
60595
62313
22380
55888
42489
42939
11901
12520
999
37747
62435
12176
54153
79275
126691
71062
78517
120171
100229
113439
116689
116689
120496
100812
106113
74819
100163
88503
106616
88521
78530
99611
117484
105074
120933
120933
138509
115549
116172
116525
118695
85170
131808
128434
125905
91280
108461
124593
79856
114071
135801
79319
114873
94768
81803
89864
96063
120098
107425
114101
114101
134713
133117
140339
75060
95082
82061
132577
71237
71237
140095
140095
71268
110114
104817
131968
131837
77508
131114
50167
9394
9394
27348
42554
7758
53910
34995
50551
54428
67421
76760
76995
71319
123584
71710
71710
98429
121811
75898
87975
109265
84619
24719
27582
62192
28822
33248
63810
9626
44883
70172
1937
53636
18041
4446
39948
12669
8516
47780
67081
4163
51680
9300
40365
49566
25463
59600
3000
3036
40840
62931
15225
40666
64900
20130
46343
50550
25263
32760
57377
20389
20304
29584
38955
68199
6092
6092
12766
1489
1489
8308
20476
38145
50492
8086
41955
20665
45258
2056
13087
41211
49843
68312
14681
28439
66722
66722
27307
17465
80329
113776
103036
82915
111001
134527
135193
81016
137011
82323
118314
101537
115433
130711
88351
103212
43222
32298
53858
64905
16298
1616
6507
16818
48423
52714
6347
31074
13941
67105
45900
26257
28441
31002
51691
3825
30098
37039
102918
114061
117953
119169
76947
78907
84945
72548
112820
97136
75342
137678
138193
91132
91132
111376
77792
79185
98752
101976
71003
82283
126012
87241
102679
100370
102669
110809
1632
26638
29728
15935
23167
66973
50742
6245
45037
40729
40776
63446
10794
29410
37183
64844
34998
69119
30065
67175
60946
58910
23756
59094
33988
14408
17193
45568
10416
12869
35197
55324
64722
14592
18941
25720
26553
18103
35862
76982
79317
98820
96889
104076
105023
106252
92481
134844
121253
99592
112863
117514
114081
12764
50457
3043
57634
62318
9924
12619
19651
18238
74992
74992
77361
83895
133854
87040
121005
97090
79954
122498
117778
137079
127747
37654
35097
68394
50344
55157
23718
33661
61058
61058
63005
49681
49681
61388
56628
4159
5984
48121
51858
67876
52292
14963
43750
66989
6117
34207
6856
53048
60311
69206
27735
16317
48938
47792
131
1160
16817
62727
45495
83146
94485
101282
87571
103244
82870
90482
115279
102980
103124
109446
119350
139205
8810
22010
22010
25682
25682
33825
61384
49143
52339
54324
50342
68761
29002
58776
42036
5427
18086
31282
48279
18601
18601
59411
13580
59440
70509
69139
66145
67764
56068
24597
55824
60384
3188
3263
13552
35389
35389
51287
20394
44879
24451
9521
957
55208
63910
13509
41899
52848
47844
58427
916
6146
33897
18904
26385
40838
47526
13976
29468
28
10880
55996
62667
31247
51584
4286
11939
43671
14602
65524
23232
23764
23764
45898
53542
3041
43244
56829
47042
31662
45672
19357
26823
48824
7437
68003
36591
70070
5022
17034
17034
51721
70488
21859
26133
35558
35344
24005
43289
16759
47420
91368
102718
106489
108488
125194
89963
121570
95917
124384
130406
121524
103879
140220
126153
1800
58177
6348
20974
41910
60377
66964
7990
48201
33014
27963
106229
139475
115372
84050
84050
119847
134224
87589
102335
89321
121566
139449
112337
71069
118605
125162
11958
11958
30352
5970
62869
62869
3120
3120
35520
13756
93221
124437
78451
102485
105306
108340
133557
100203
120431
77700
89860
98569
119348
97326
98055
132506
96009
77062
97788
73898
93735
80157
86978
140315
86754
73829
91718
96091
103373
104623
79551
87283
87283
94576
91457
85328
86734
101635
115790
125124
72882
107975
82797
128923
138296
93267
122916
84948
107739
90875
127899
87191
87191
93022
102998
129649
79544
85503
96858
74769
88094
103795
82156
73152
85798
105915
123837
131536
131024
135858
135246
125367
126197
133194
134837
76250
124023
124023
104065
104065
105609
78498
126817
114876
130283
131506
137247
128441
97819
113815
121413
126822
125004
89394
106503
84216
80681
137545
140224
133237
134675
98227
100823
107963
127203
124109
77283
99006
135820
77273
109158
119546
138001
7481
58619
4186
20208
34468
34896
57125
63101
13091
31106
60007
40119
72596
88966
101267
114527
97291
115222
137438
90103
117950
120041
79748
91853
96944
96944
73580
75566
130101
92502
114975
89782
117999
133070
80573
124086
135443
9247
44737
59807
54338
58106
61794
18563
38442
25469
90068
119182
115430
73010
85750
124005
94204
13798
8318
13774
16057
47537
63983
9410
22678
62212
44972
57990
5136
87960
114528
117587
120306
123735
85906
99389
124597
138744
103676
135133
5994
10432
18230
54228
14088
54565
8285
20351
65525
3821
5323
10023
47439
50242
50242
11564
3689
3305
1943
12097
62793
99685
101280
103777
133090
72713
73172
93533
109229
77852
119928
140052
130585
131523
136315
137379
106690
124932
138814
75180
84742
105894
74425
29795
31010
42644
44410
49037
11994
14045
51839
40894
9476
18901
24252
38379
112199
134219
115797
131705
72343
109201
127509
99703
93477
113259
44229
50389
4464
49188
61214
546
50330
51547
29742
15030
69541
27183
48386
54965
15723
48490
23670
12321
34864
27314
63080
63080
37426
42922
11224
34622
31171
54264
57785
33545
59388
56540
1803
27490
37219
46118
47008
32197
49635
16738
44821
37344
70540
62973
14516
46201
10888
26780
41903
51407
19617
51854
76372
82696
107113
110486
111815
78548
132027
84113
127170
81368
103968
98772
120840
106018
111298
94330
101072
101967
49191
53220
61366
20110
35880
58600
6461
22101
99425
136393
93844
93844
130230
118255
130889
138347
98443
91261
78405
96466
100513
136779
75937
106994
87894
90523
107801
133906
108874
116595
72581
106207
127670
127902
129685
134443
56047
8972
23864
37161
20702
57095
19584
61704
27716
64262
9276
39810
61174
99156
78423
103076
108787
93250
108249
119929
86851
114172
77831
94630
111697
74286
137373
138982
71910
96288
116465
131255
97472
131448
82405
130003
79452
104633
90769
126601
133945
72809
81635
125339
86920
95727
99758
103975
125463
75699
128909
104844
45582
64969
18651
24336
6132
58522
59005
65310
13351
30417
57938
26507
31166
60991
28132
45285
17576
2873
32726
33194
46316
29827
49241
10198
11437
54188
66225
71490
86257
109348
118624
127426
128582
101097
102903
111180
111666
138622
113632
114173
12272
41177
56721
59863
38224
69019
16729
49293
18806
69848
10348
36760
11537
67699
34634
61167
1494
67507
11625
30732
41658
52008
44010
8814
63758
70608
1819
37904
9729
90897
103675
104259
126274
85853
95704
126074
74615
19542
43867
70023
37450
12526
47751
49210
39123
39123
15446
23221
30624
33524
60015
26433
30860
58883
53292
40730
50266
6726
13464
17289
28475
7774
7774
54420
133131
91043
133817
134425
131111
140882
86775
121209
86759
118433
15222
40230
63546
13776
36292
40684
3928
15862
47056
29063
7877
30428
41661
52302
67555
14080
36706
63033
83540
90024
90266
87713
108066
140415
140415
133294
85888
117291
110260
124957
82488
91140
119617
121942
89901
94226
122288
125750
71356
72459
95857
100664
133126
84858
35796
39001
54972
25614
32141
19929
35928
38842
23292
32939
52245
69760
88658
120283
138574
117767
71229
95419
111545
118125
118125
117642
91151
131754
116320
93342
109600
111460
109889
74164
102182
120626
75591
80757
127805
129610
139249
139801
127920
93113
133247
74937
99299
99299
138166
99495
130577
130577
134927
122592
123706
84674
116619
127053
109241
138579
83167
118925
140658
74120
94219
133992
136127
104238
115117
93135
95860
120262
120262
115328
123841
106917
117097
77595
33551
33551
33766
69827
4
67192
61076
61673
43586
34724
41956
58591
31818
63134
18407
35562
48756
21829
62725
57595
11626
67413
12354
29319
165
46995
32404
38332
68013
6019
20138
61971
64095
5247
38057
62235
47952
44947
52637
6939
40777
6325
26579
48357
63243
67780
687
54936
33298
43524
32724
14687
59986
57316
45745
27380
49612
9121
10386
31057
50168
69624
123506
122797
77258
97187
137488
71998
136016
129042
79567
122598
111446
127841
135000
116125
79269
137202
78210
119325
127312
131843
99603
111905
100955
108026
119002
90913
89238
124111
133620
21690
30779
30941
65835
22210
35446
16230
50037
64096
42853
42853
64136
308
1083
65276
60519
56763
65684
35804
51012
61314
30073
12677
12677
17194
52520
14436
68130
101324
120086
127965
98489
72683
92582
74663
132525
133073
76195
130952
84461
137936
85502
129436
81091
90404
96635
116052
65142
5997
42666
1309
64842
42874
15847
53987
77627
91537
115348
126470
100308
96379
104742
130296
115871
36345
53472
68990
3588
19549
39531
52444
64870
69208
14316
25014
60918
36805
38396
59305
14627
42477
29780
67392
35784
65105
11237
28067
43336
57255
57630
66590
5100
24664
4109
132953
136546
75993
127147
136278
84678
74158
81252
94846
100110
78830
82293
105153
125299
91538
74917
76013
100208
84637
70906
87924
133852
110683
133403
79388
91447
140240
84247
114493
78095
111870
78415
88995
131045
140580
91071
110506
130125
133270
125875
136142
109876
118444
135681
139231
73477
73780
83208
93711
115684
103753
108351
108351
140523
78585
115074
88
3062
18516
41089
46341
29479
31260
9643
49350
56334
56509
29375
74703
95337
125854
88029
113526
121301
105520
122654
102562
124711
75469
76610
103152
113954
124261
127687
139453
94402
106907
86732
93867
93867
75545
106903
111888
130814
130814
74288
91274
111344
137193
89576
75694
93088
109562
109562
109420
111242
139994
28466
1432
47072
69413
35775
1208
31361
14924
29226
36953
52691
28528
31140
53818
67897
87271
133151
133299
81117
135687
95806
98701
100631
106640
114693
83653
90442
117706
106428
138511
92459
19652
51736
2613
17973
29265
51245
62962
33802
46863
6549
27568
31077
76597
83663
83663
102067
94655
131593
140175
129053
88422
109412
110673
138000
133391
117816
64056
34041
69473
18586
58301
6749
65993
70216
31202
35899
32164
80555
131820
134869
106742
136739
136739
80829
73494
78192
73067
77276
80632
80632
81936
110420
139323
99847
139716
50823
17589
59228
13416
30826
36729
48538
51401
33842
69956
2256
2256
27849
3281
5288
48719
15388
32337
18513
28707
40471
109299
77271
77271
73549
73962
104804
129580
92969
136065
136065
89809
94167
94167
111632
94197
77302
79313
97610
129551
96654
78418
96048
121788
86895
98836
130173
88350
126327
78124
81767
97122
114001
140528
85704
94383
133463
84716
98967
102056
103470
94242
123110
136991
96234
90861
119153
121635
114000
16302
61694
49658
5064
10796
28086
58048
64516
38742
3666
3846
6912
11954
20306
60427
68205
18430
55321
55321
12282
12282
50801
50801
63796
55448
55448
71494
82429
82478
139849
117289
72238
105872
131343
125141
136061
72062
122312
127778
131856
126229
86616
128126
79268
81144
110132
110562
72519
98998
117539
117539
135149
135358
139145
119645
127391
136607
84801
110648
75030
125757
15332
18378
67905
5337
29423
39804
59535
67586
283
53492
64470
14659
7940
16885
136241
133418
138945
118185
76864
82969
114199
138638
127784
52183
25253
32160
3756
19520
29325
52563
18498
63706
40851
33611
38536
47571
58506
59364
63077
18768
28142
55625
66067
59162
15327
42728
38329
48723
33889
53118
28801
31912
47948
46635
36238
54912
7588
12894
42254
48062
24089
55576
39157
33533
24855
39397
39494
39494
371
48931
50007
55626
12214
20360
31181
49716
28744
30589
41477
33444
49668
12882
12882
56765
10700
10700
69137
94446
103808
138402
139134
98134
94622
78092
108415
83217
94709
98683
116050
93607
97294
110370
75152
84820
97421
128426
139893
110155
83073
129291
87567
117971
124214
106566
75171
75013
93969
113045
25158
29022
41576
50642
15850
69083
16881
70494
2844
114062
87316
77814
98988
127967
133244
133244
76840
80131
95088
95141
105914
123626
84396
91640
111052
111052
136243
109952
16
24594
37320
20538
36905
67797
31651
38389
6858
23302
56879
78674
139472
96978
76073
127388
104560
84972
105359
108204
138748
87950
118471
122772
136543
96177
108253
128228
128228
84968
139406
87448
100389
106233
111163
88141
73764
109382
78298
86801
72744
75789
87419
118092
102377
126515
132625
80445
81811
120480
121424
91652
117975
138634
77620
85026
127865
72147
87364
88302
115845
119962
123943
91377
97850
79113
135742
139283
74952
126525
102702
130592
105845
90192
120859
86722
118696
135576
137820
83616
77428
79950
102002
113303
134708
88188
116672
119923
116241
120535
131695
131695
107484
114703
89815
124838
125322
80384
110622
118551
125296
49582
60911
55327
65139
1091
1091
37520
48206
87184
122776
86199
78732
117646
121722
129040
74670
78116
78116
69338
3
20125
32464
68988
10455
38148
45385
10072
49043
35364
555
32701
36473
716
31934
36128
42130
64179
67418
12496
12496
62528
67707
17407
26975
37890
52207
67107
29406
58278
22306
44181
50392
50392
69378
27022
2803
14562
24381
49066
51622
48352
52080
65934
23235
24372
26308
6395
52381
67140
3812
36175
62277
117897
128452
81810
82169
88344
89514
89514
95979
96870
129280
131892
134925
75918
116827
99088
115715
74319
88540
129941
131567
106925
127576
131541
97794
111404
97462
133565
77096
101791
112914
135851
106711
109363
130536
94905
78949
118858
81009
116588
79657
98971
117735
52907
41371
52805
55383
41287
12185
31438
55493
31124
45834
4966
58350
15996
94338
82081
83051
118266
139043
87436
115893
130476
93714
106602
119802
73581
88798
138217
73316
84586
87083
103335
80246
74370
98642
121223
73830
90885
107751
108006
111967
72583
120255
122888
136083
80955
93020
105198
132251
79956
112987
140292
73229
76776
108690
139481
78085
111531
127424
72154
80114
81302
99178
99181
100304
73207
135806
87077
107511
113607
80449
137536
83407
134155
136098
140751
78437
84083
121291
124480
140249
140249
80792
82500
140676
110443
136782
136782
1847
16553
60274
24856
27994
51321
8256
44259
56741
70660
9662
17492
33276
12699
22626
22793
36964
61678
20169
10548
37295
57258
115976
128780
87110
79438
72630
73735
81730
122042
126128
119504
117585
120966
83872
85627
94001
100920
128858
130622
130622
104935
114598
117220
107949
96823
106073
116947
97915
55235
27365
54568
61636
3109
25825
50987
60209
12831
59413
60832
10352
21059
27673
27593
4101
33481
39975
50066
50066
13817
65603
10096
49806
45964
15750
70123
2401
21629
13697
49450
67599
133133
78916
87087
74316
78425
127285
130354
140822
82851
120953
104569
71307
80284
128478
32591
57668
16609
58494
33868
33868
57306
22586
25691
51823
59887
60414
69515
31567
42992
19735
47115
132106
136092
96052
102739
108863
123592
137298
84978
73029
75594
72879
105435
123390
106397
107625
114091
108419
93952
136616
71358
88936
104232
140947
86061
91347
132598
107489
73785
121600
88033
118668
72652
131001
136314
98111
113150
113150
30136
8319
33173
33173
21898
59619
69056
39192
418
3649
56470
3034
102224
116724
139547
71042
78145
117038
114565
89767
84862
110796
122033
122033
81458
10562
19248
62932
4141
43890
44022
70094
52750
57985
50261
65785
1818
45048
61928
14844
30413
33025
40936
88729
73386
96574
125619
77095
117786
101198
72078
72012
124639
79503
108282
78881
77781
91855
76169
108267
114763
119311
73235
104658
107450
115321
95608
77158
101275
102706
102706
77937
87242
89655
92904
101470
108344
81422
127560
111314
78822
134080
79134
112073
120388
80276
98800
130893
106635
130375
81744
123156
135151
91955
104383
83405
127615
137372
74718
14639
29762
39969
52873
43763
47961
18309
43967
8652
21454
22323
24036
32642
38559
14947
31273
39417
53317
62400
63262
8457
15934
31186
68164
23873
32761
14494
22748
43872
17387
17387
4299
13832
20284
27155
47122
52439
26950
31045
61321
18111
40393
64697
68649
18878
78734
91309
93118
115511
109973
136478
113442
135371
98483
86119
100241
111290
113487
82960
11475
30439
64461
16823
29831
32867
40440
32419
53819
26841
69348
116244
82847
106762
122819
137150
138161
103958
122252
83509
96376
79429
79559
47816
28022
41335
58373
68816
21885
65103
10299
1202
65544
14498
61403
6732
44936
66963
67832
47405
25146
25875
28884
40359
29711
29018
112347
120719
71785
100360
81941
116082
123339
131497
126340
3614
58912
51223
66489
6103
15602
18512
22267
51339
49207
48339
2426
28551
54782
58369
60357
8169
36303
57775
50645
61040
60653
23840
37507
2029
32598
5472
7136
68004
33033
58065
63572
33616
33616
12824
25356
74932
139053
139053
80090
95670
73718
120604
85143
81388
130423
138126
93534
118051
133558
123284
66508
55476
15179
49914
4736
56357
66807
349
32712
41385
48377
58470
66610
28899
40916
62675
14019
22716
30876
43786
77227
90065
106095
86503
91326
82340
105804
110605
140601
84516
136780
139036
19973
5428
21497
22158
32576
32576
2872
20141
21749
12533
39730
1274
17223
5784
84117
75176
101502
101502
77876
97030
100713
100713
79125
127357
128951
100423
93703
93703
82411
82339
110988
116472
137313
111557
81208
101863
139385
104478
134793
76489
87103
141017
98687
515
12829
27549
55236
52951
65801
36146
48937
64544
65052
127469
97054
102974
129781
133947
120950
120027
132807
73326
123615
36844
48176
60679
7989
38872
20469
33777
44371
5322
63111
68705
6332
40288
42556
45496
43990
49590
70748
5002
6808
19374
50062
22616
73543
140810
126679
95978
81345
121906
121906
124134
81007
119738
123012
127414
105562
120369
139504
79145
129448
52769
54205
16956
15585
43103
8807
16875
29434
11047
30328
32244
34140
1780
12178
5693
24140
48609
62694
15517
27938
68125
20547
821
11125
3148
26330
7364
17929
1927
4193
20504
40199
59679
63185
11054
2001
45787
53198
42528
42528
59576
55437
48342
68790
37770
55620
17369
19527
57845
33838
37506
43647
45096
24412
69898
12834
12834
31034
8088
50717
32320
73199
75476
90741
93205
108811
108811
72925
112368
104708
102028
102028
84263
134505
81353
86673
44772
6630
50186
31797
61651
132862
132862
75489
99441
95404
114260
132020
122265
123058
139798
75899
63
58636
19293
50790
60745
54596
15009
21251
38154
69244
69244
7161
32104
55225
115223
120682
79293
91324
139211
83818
110519
132425
136614
72854
84969
96618
139732
74750
100142
106510
128047
83111
117923
131399
78176
133415
124879
124879
139948
44545
3709
33143
5361
43004
43004
42066
49010
61165
926
67207
16844
32976
61075
3295
23551
60575
30022
24586
29591
49842
58471
1398
14674
15439
36180
2586
59828
63543
2918
35253
47192
13734
14636
22524
40141
83323
111834
72828
116483
131212
126759
102274
79156
94099
94099
100990
114148
120430
124756
127598
1709
2598
5820
2312
18394
56337
3468
6433
43807
43807
57434
51669
3543
3543
66421
1690
15029
58079
67927
69034
69034
39348
43293
15351
38248
47896
41299
49398
65641
23386
3920
55387
139666
77954
79076
136038
72083
98108
129370
86056
90046
98606
113092
82833
125605
107763
100888
78793
107455
140971
100172
101037
80776
113114
108621
80979
138180
15713
57309
60610
40946
41315
25417
29445
12179
21374
39461
65789
65789
41541
47623
68490
70399
17956
66506
7377
49031
49031
25472
29748
65122
20655
29971
50513
50513
52823
67387
88945
91704
125866
82321
123968
36587
66351
14413
16944
9424
61378
11301
16384
18112
46441
53844
54365
26929
10139
15838
45145
47814
38397
43648
55386
20728
38287
42
21001
19204
93450
93450
81519
93931
96875
111395
95963
84868
120016
84914
13258
19986
28282
31699
47497
43600
10728
35865
47534
58777
69013
6123
6711
30144
43287
60702
3798
46311
12895
14733
14733
20676
55027
36107
16491
13108
52176
63856
16604
30120
32052
67692
29349
53477
32625
36213
32214
27394
19974
23539
29630
30228
36196
61926
31540
83032
78814
95655
120600
83601
95508
107068
83879
101020
119189
8678
47636
55792
51580
6242
6242
52217
52164
29360
29360
25174
50393
70301
47459
54759
23477
17508
19922
7395
29989
52125
57035
37937
4989
17749
56116
2934
43894
53347
9720
40325
21262
52365
24824
50230
53947
69418
70573
31424
40097
26666
50161
46338
79120
87229
107181
125601
129664
79502
97244
135063
141028
92448
120212
102761
133869
135160
108437
108957
121583
133164
98271
138415
71548
101293
108016
129723
89548
99236
122046
110014
116762
84476
97056
53040
5076
40744
63186
40620
50718
64238
36499
36499
68778
38068
62524
71467
119620
119620
119775
80038
128415
87149
137340
139392
78107
106280
110575
113050
98243
112555
52321
462
38217
7379
20100
13789
66518
70074
70074
12582
47049
68250
837
34484
49973
63493
69582
4436
9670
32272
52002
67101
91128
113132
116345
83245
103182
116249
75813
137519
136174
109584
111890
67256
3147
44273
12235
33711
40677
27057
54239
46381
62410
24592
28009
52994
12955
13044
46023
48226
6179
49470
118512
99936
140119
129703
121482
104924
104924
106672
126776
128229
91699
92357
101816
107473
124043
129688
138149
79267
84524
94297
99655
105351
130413
40708
70506
16684
52664
26597
70395
21142
53109
452
64949
6350
21373
25908
59902
59280
18792
68136
21529
53751
490
6925
6925
13198
9706
47999
53731
60939
715
39538
50835
45253
31964
6269
58831
16990
33742
48293
52298
16456
16801
17235
43635
57497
19292
19898
28837
4739
13605
26360
13980
60894
29695
37424
5885
20209
4321
45267
47553
34195
61453
78735
117266
76936
93839
94421
95684
128409
125137
136760
119625
133886
90035
119979
8229
22519
15895
29869
32666
63019
719
6733
135941
108725
99560
100369
112817
115006
120182
81441
105300
124124
140728
19971
2292
2292
4885
42275
68214
1766
6529
34829
15099
22467
56674
53400
35223
86665
109125
139749
97833
127441
82043
95239
114732
71597
76225
81436
101515
105192
130190
109920
110590
118171
119168
90001
139689
77527
81288
94942
98667
103127
109116
122917
90637
108609
118903
95747
112705
115132
107947
120466
125738
80477
90989
113923
121819
123349
101787
127585
111707
93297
103308
105763
79930
83605
120755
133564
104209
97640
94013
84994
126598
95200
138795
106722
94776
106443
122742
137229
91246
91754
93291
118906
128977
88156
87235
112675
117389
113010
131651
85049
11578
966
21105
52395
17709
2574
6115
22530
30778
2097
65349
43624
50918
655
30872
56328
33439
20773
56121
54237
38019
24677
63656
5390
19241
25728
41663
51881
56455
68463
19309
35212
61293
12204
33537
60758
65983
101413
102930
97615
134983
102256
111957
105439
108117
108117
127473
136686
83289
135017
136371
97707
116134
85963
87430
118789
97318
101010
121585
79601
134318
97468
117801
73988
82939
82939
74942
132100
104808
103846
123177
88912
110671
92240
102511
74610
126129
7263
46511
64622
29769
13936
17609
56938
22326
22326
66168
392
27615
18383
34778
92239
109449
113666
79765
88286
111620
91390
111434
122466
126191
87587
123068
130224
134203
72060
76286
98446
133025
133449
16049
60199
3244
24244
58400
30820
44854
65109
12137
46062
32149
34794
56522
22625
3070
7670
15211
30890
10433
11690
38067
65318
68397
86408
136485
85012
96628
108214
100809
115349
115349
102494
135790
91225
126377
109050
120277
86029
89476
13863
48623
52684
63655
33513
8576
57349
25649
75188
83883
106788
108514
80327
127874
84756
126933
91786
138767
86825
102784
105808
119935
105606
109378
94718
129057
86991
122651
127399
116109
137546
89455
115502
5769
27110
19354
38191
38191
49775
49061
52712
56147
64598
54116
65783
26388
67947
13121
3071
58903
51910
69062
118148
116368
131297
85334
73579
101147
129783
137279
86604
86604
109497
86245
107701
111412
107014
72648
126846
132966
119213
114383
137144
129339
97687
113804
116461
125861
80935
123752
85030
109813
137672
137672
111451
37785
59351
11485
37500
62595
14283
17081
33299
24578
65633
40105
124966
75135
140805
71791
112092
115274
128237
92216
80398
110914
123856
120555
92927
102417
127340
113499
84190
85973
26312
44156
26386
40571
18144
31135
2423
14593
14593
40042
15075
117151
99312
72205
130088
82580
118095
82015
123766
108028
37984
50183
4879
4879
6994
7351
17379
17484
46667
9403
63676
4016
35552
123273
123659
86489
87406
137109
72411
104489
126526
132234
94478
139584
98735
9298
47169
35986
67525
45838
50827
31977
51270
66878
70802
22679
2011
48224
34102
64593
34015
40420
47746
61564
25818
27062
33817
50807
39555
56490
67818
40703
40877
51235
63029
63029
50875
38558
29520
45826
139028
86161
117517
129097
71525
124398
130836
115243
77023
78235
105391
82924
129524
131804
123916
123916
133851
72134
83715
100678
85286
136464
138101
99983
95623
78982
96826
89765
131044
85388
94511
104211
88400
95566
102776
117140
120268
131018
120122
131768
93631
114958
120828
85060
107317
135531
112212
85760
124204
124204
135705
71578
78256
125942
102832
125761
126115
129823
138338
82371
98627
104561
94781
139289
107232
364
21533
22185
6835
59794
61258
7247
48994
53463
15438
63365
2977
60983
9463
21272
65743
7172
312
57618
24434
40583
69738
2201
43548
45732
62414
1578
54825
54825
37742
30839
36129
44106
23402
126923
96356
81549
108356
93520
103312
76973
7536
17757
33814
69184
10160
36923
36923
29906
41091
92477
138521
71834
137397
76470
81634
111979
116817
3548
7991
49557
49557
66782
66782
39393
41773
50018
63453
13957
11567
60346
27986
42816
131712
140868
112580
131089
95289
96495
115362
116259
125694
24539
52000
43716
21377
31741
32055
32055
59036
59680
47368
53680
55868
71796
85302
106975
116205
95028
94352
101677
112916
92016
97432
100343
113585
134301
99027
136396
139795
95621
106049
106069
116523
119250
73413
109554
19032
60030
68651
4942
18386
12704
24040
62890
63774
7405
7938
47482
65473
68434
70435
23514
62468
4514
32889
798
19570
51234
8046
12788
22331
30405
32036
32088
60751
20949
7801
58279
70830
68564
93657
115532
86716
96392
115872
84941
139135
100289
132128
93552
93552
134916
83711
106308
120798
72436
91321
92651
102690
115269
139338
122354
81658
85544
112470
92785
111675
106368
120916
101612
115082
75943
99415
74680
98968
117077
119366
92090
93947
139896
79374
127663
139476
108885
125662
125893
132456
98208
125095
132099
124324
132148
78440
106763
125709
78194
84533
107524
124176
124176
97826
130263
92422
124842
96216
128391
55942
5058
36331
27205
28789
34085
5095
33124
63136
30276
47307
8641
24665
4205
822
57750
10756
35926
10220
51758
49148
65897
19917
43506
90815
134921
88432
84575
84575
107678
95652
86923
118513
123033
116428
78776
99145
99956
118830
80690
133880
95729
95729
136733
136484
75467
88402
123199
140350
134619
104359
122135
124955
92705
132610
79545
84804
98054
93103
82162
89099
99550
78126
120409
112761
113697
95921
86098
132857
134015
101223
110173
112808
113517
125936
74994
92550
100746
81899
113675
133929
118653
15283
42784
6028
29583
68530
17018
18406
48797
18542
47091
47091
68703
23176
41077
68970
38103
45738
30900
42868
27865
41704
59627
10684
319
23128
39775
51543
16666
44055
35130
56626
67884
14667
1087
25386
29938
42476
55934
56248
63258
55042
889
35060
48512
63740
52143
55681
57916
40015
40015
19670
32891
40228
41275
51351
53546
18537
18752
56224
45115
25036
67696
41372
98543
70993
120825
99544
119951
102384
113799
138048
105949
129070
132396
93660
105248
47423
62589
39980
17510
32962
32962
62934
9559
28058
59897
68662
46083
15486
65892
36776
30361
110741
76125
89498
103869
89425
89425
135410
140754
107497
99270
115639
126402
128173
55031
70691
27145
53222
64000
65452
89167
81570
106499
80570
119424
130923
125394
53825
58460
11857
28734
3946
69565
18166
54929
35756
52394
65402
125752
79302
93751
100096
107480
78954
128902
74227
99022
73571
78746
132165
86331
71551
127111
127500
90525
92067
106666
83343
138191
88723
139786
70899
71674
81476
90329
94904
127807
77731
134490
47203
303
5495
4673
36860
46271
14305
36446
33608
65570
69623
93219
140193
105895
80249
94120
120514
1513
35778
45736
52011
59087
32968
63536
1718
11294
13988
22956
56071
68186
22993
62319
24583
30211
43904
48794
12826
13335
21382
24462
48777
60933
63302
50307
68675
2007
55820
77804
110027
126562
80975
100039
111860
123704
73483
103536
133107
106463
60360
12023
27376
48236
30311
33039
9876
35267
39890
58701
68363
11445
21698
23809
131923
74285
88154
89865
116262
75419
114963
75473
100214
121344
108150
76290
85794
102630
110879
71922
91914
91914
103186
78807
107691
119217
136071
57579
70340
49219
49219
10875
21801
51814
53092
58691
1554
4675
20282
20471
54479
60205
60797
7836
40210
29270
51184
34651
9490
22845
54633
14882
68561
7763
33311
51454
52064
65084
5320
19453
31757
41500
31966
9488
25330
35737
41421
4585
1408
17037
72359
101451
80976
123905
76226
114997
73278
114865
132371
79479
74719
87215
126522
103630
119597
105277
121109
74239
100646
80347
122420
124660
95397
116765
97620
108375
117558
139944
97098
105213
29878
6035
21136
30420
20972
1516
7116
6738
15878
24789
43376
63955
23420
11729
14026
11978
48884
33371
33452
38025
53251
53251
33913
43976
63067
31722
1609
8899
64101
7048
7319
10322
31989
19192
37998
89278
117089
132964
126971
128759
104852
104852
135038
78709
106337
133460
134849
93373
121644
72217
110952
111229
92158
105836
79056
131292
75740
114191
137195
140496
135126
116916
133820
86062
107528
131751
101271
128177
74631
104466
78089
83629
121008
131670
105624
119618
85917
109549
100656
116315
117912
74096
128065
73414
123870
86475
137894
94976
113160
118318
115048
105161
133935
73338
114720
114078
131503
98395
75080
84010
80245
127442
102425
133277
77293
85360
104816
130073
93077
98779
109606
122579
5080
12014
30662
10442
67351
39317
19404
57587
60973
16340
16340
35346
37806
3755
11037
49183
20877
4972
25605
12838
89291
92452
133239
133239
122588
80781
80781
105412
124123
86260
103928
134351
134469
73668
131807
96765
96765
116257
135696
139495
110787
124760
73122
114569
84635
121763
137110
102390
132909
6635
42834
6049
34267
67804
292
42341
42341
53740
53740
67942
74647
126539
89290
109240
133458
81613
99264
86114
108323
122660
139633
41246
24529
62928
55146
55146
4526
28912
33401
33668
51451
6678
16953
32821
1858
42475
46379
70958
75258
88989
112957
112957
74742
123585
119973
119973
92672
99507
96526
134690
97542
126316
132614
94276
72103
79760
82155
87395
92265
123302
83709
87892
92484
139192
109723
127157
127488
137302
101247
3901
69755
47123
63502
44322
66993
13373
3080
11971
45113
48827
111429
72016
134035
75338
86874
104508
111095
85119
138171
112265
81689
119454
90794
109246
127779
17425
54475
9642
20087
2160
21174
22840
22840
46814
19177
65957
6803
40721
129467
120170
126827
73608
80999
86467
131509
79096
106200
79739
82722
134727
75037
92264
111160
4412
39742
31595
31595
30802
25894
63735
63735
53648
60753
36626
53239
63276
15181
47839
52704
961
34433
20633
35252
52824
29945
36868
122886
102692
109465
109477
87806
100288
108759
110890
121165
125171
136196
82039
93802
57467
61659
11577
35853
36870
66487
39259
16335
44041
111361
139099
98886
130915
80102
79808
132927
84403
7044
12371
67902
3554
19601
15903
18106
250
30956
33853
34819
57702
64579
2019
56267
57151
30260
25198
55101
55496
64013
77478
93898
107320
136729
101355
74910
103495
103495
124098
103591
132556
126967
25303
6887
22944
18558
52120
7153
44570
61492
26710
122
59526
41651
12983
52972
16338
55795
60617
66437
51070
112708
97321
101365
93749
120092
121685
87293
123568
46221
54552
62020
70259
849
9791
9791
62592
64591
38299
61239
63678
5011
29495
50035
60400
68235
14450
37398
28665
34952
47286
59743
624
34889
36938
36938
21954
4005
22113
32324
48432
65529
1968
1968
17062
63598
65172
104199
133850
138022
99966
103303
121849
126896
102636
122361
138232
112224
137926
78295
33826
70749
2953
69817
37071
6559
35362
67499
23238
29610
4883
31486
80537
88867
115544
88203
132312
132757
135207
134430
74671
96945
74633
114237
118459
45888
41402
50147
11212
11775
31565
47082
134515
81333
72783
99265
105892
77385
94799
83240
49015
39544
28479
46992
40227
4769
22557
62110
68906
68906
70902
99741
105720
120942
117918
76127
81174
90064
101932
71984
77507
100477
120842
57792
9383
16497
41603
45312
59438
41656
12933
59332
54942
62124
25854
47708
10853
16913
39815
59161
36355
24546
14260
37260
69189
29442
38177
45297
69626
527
8622
13907
26815
60855
62342
65277
24218
93253
95247
73373
103392
127981
74337
77047
78663
127669
140110
140110
109270
112238
112238
138245
104873
72956
111383
73981
96531
103698
103067
89293
97105
131889
136482
31593
31593
6076
52196
52196
11588
50084
46380
124327
107523
103597
134477
118850
86046
135146
137347
137347
91214
105823
116107
122261
103722
103673
11605
54290
69976
9203
47556
61025
983
22976
59895
7232
18140
26615
615
129049
130203
74732
100816
110636
111219
122981
107378
113694
16916
23776
38517
64825
432
1625
67736
19646
24395
1287
27607
41650
57963
62952
49767
10110
25635
54178
8410
28699
33862
30141
57885
50569
5152
8489
26013
62705
20768
20768
23463
51119
27238
61881
66100
50236
22396
44226
58376
26164
35084
46777
68402
66551
5972
61787
67235
67235
32
32
61189
23052
12968
33760
24059
43250
44003
18039
42167
28832
32339
64746
36970
29975
39415
12626
16411
12445
59242
61604
118461
98206
114357
99019
10652
24620
29890
34099
32888
9768
11664
111182
140225
71536
106016
92120
118134
118317
111629
45062
63800
14897
5640
49923
54155
15464
47260
54493
16460
45374
54144
53203
38921
20259
24695
29176
69383
26372
61939
52153
64115
44386
48485
6465
41961
22338
44887
52584
127846
71608
75928
106709
127390
98508
93033
7113
63197
31358
17854
46242
50560
52636
38087
42086
57867
62806
59809
14804
54748
46592
69718
8186
7283
49984
53381
53381
69171
72976
79527
79795
90728
102743
125317
72388
104828
116379
2081
24080
29472
6649
14523
31601
57842
64069
10876
69001
3662
28082
31044
31044
27897
33358
36437
15582
39892
44550
57249
28924
38095
4816
43685
58966
58966
69503
49723
60398
71068
84316
110028
121303
128863
94089
103690
124469
96003
136506
111918
137585
130617
106324
128031
81743
90182
115368
89317
94627
105780
101191
137261
86890
86915
136978
102481
95244
107188
71944
81582
119262
119262
121497
81412
84289
134909
114939
128543
132199
133862
90688
125558
126736
38271
42641
57586
70565
61035
51862
59609
62327
12854
54071
64335
87115
98881
129818
78608
108103
120823
106950
124399
115005
81748
108939
121061
136551
101849
102668
137242
137367
87098
95668
20765
37469
48769
65345
4214
65538
702
12211
57340
43392
61732
2993
9660
51502
48528
53683
126630
104272
124292
136945
72137
78970
87303
130162
138613
83565
98884
101687
97744
137641
119383
100940
113473
9571
11050
26905
27909
69135
8130
14499
29864
39428
59418
8676
36410
48286
11699
21970
66976
33432
25562
32767
41355
51202
13392
19847
53706
32706
27756
38137
5245
33128
48477
51056
57166
4105
17865
20212
46930
5192
9062
2723
70443
58269
671
51182
13243
44551
8946
22725
56809
62119
59514
7248
46482
24635
28786
47015
85234
127380
132855
138623
107925
90062
109698
91477
102168
108848
110864
110864
136221
69863
19819
47608
20076
50140
9590
10744
28039
38661
12136
24480
42797
66262
69210
5341
24302
47899
29205
55540
8334
29031
43405
45322
52006
7194
13218
33762
58052
35997
107342
115451
122682
139819
116393
132662
98614
140051
133394
75973
103639
109908
128525
34134
25768
55529
15549
69079
117730
98679
106471
93800
103969
78031
74141
86412
104403
116555
138204
76022
89674
91333
108116
108116
90953
95447
107189
106952
128230
115535
115535
131525
135466
87468
95387
97116
74711
73606
89731
103230
77879
80486
125293
95862
97612
124295
137822
92933
110595
126485
82027
130412
127160
136781
140113
24165
56275
18259
34240
41720
60534
60534
67337
18184
54535
70557
31649
32546
35361
20160
15686
100147
116075
116075
77846
77992
98857
132155
99498
126325
93157
132153
54201
65256
57509
13581
15524
14437
16535
18250
82
54268
68636
55843
85932
97218
139628
88340
129250
100957
130054
92277
91474
91474
95280
112527
71353
93725
98358
71262
124622
130674
104755
104755
119499
96530
104287
71535
106151
121578
125346
1669
35967
10936
50682
23699
52701
4863
14968
20379
20379
13391
38347
69388
52097
57729
72449
89565
81067
132066
115255
70981
101479
123433
40
33672
57286
18351
13850
29838
46556
32810
78842
81366
81366
104787
120634
130606
125259
132380
82538
121090
82693
116820
82744
3309
39496
7968
20134
6951
49851
11170
35335
71963
71963
97626
125586
73528
78360
140904
113577
74026
114673
118017
118455
112896
117937
57029
29470
9815
32596
42213
50228
57104
68524
68524
23254
63137
2302
52565
70714
22409
41550
30235
23984
32906
40933
5141
24680
7726
35687
73784
118642
118642
96984
103913
107324
91657
108537
118348
84328
72450
133291
71933
96037
128146
131008
77042
77162
134266
140289
103393
127302
28355
33435
7444
12488
17754
69179
61235
3465
18412
13476
43794
99038
130127
137076
98465
105715
128573
100605
124068
92418
105302
88535
116691
128492
101270
104463
125669
134494
86173
92960
134457
51222
2592
3068
40693
53579
61287
68534
70484
22316
25099
7585
63018
133788
140712
80149
110617
115281
121351
133352
71899
79975
112773
131150
78827
18040
25957
5892
17913
13841
19990
32153
43034
3366
4568
12586
13075
63132
63176
24775
34600
1548
58268
66091
18894
43404
47488
54164
54216
2388
5657
14865
49647
119310
86697
98135
116930
119441
75603
106346
119666
127806
139524
121690
107522
82427
120904
133041
98852
101152
102035
113550
127511
127511
112802
96648
94185
95545
101018
101017
110211
71160
84287
102280
106087
82867
88404
124818
93494
140958
83225
133516
136454
99463
130712
137916
100723
136542
71185
4806
22271
63615
63615
4787
29703
46737
47802
27063
59833
8461
30652
33086
9659
25085
46033
47885
1424
43556
12183
63558
2295
19295
46283
3006
20163
70754
30480
56580
39363
61276
9712
80543
92354
112005
112729
103383
131239
131374
101348
105937
131778
138295
42772
22743
30395
40347
45013
48968
4140
39967
68768
65344
130114
137081
113285
118261
126798
90167
107335
128979
98384
18506
20420
68653
55378
2390
23997
19060
19060
54049
24817
72773
138590
79977
86669
111374
126929
124882
138162
94064
78615
105459
132453
132453
132947
89103
126839
139742
76777
115165
126382
127927
136273
134463
129590
138129
1267
10245
37833
49108
5268
39325
6450
9047
10702
7109
59423
17083
10895
41274
47302
54553
56500
67874
26051
44245
69178
86760
110209
119415
103931
138235
88481
104858
107682
130245
92940
111633
9716
5803
16179
27592
53873
61555
15183
25297
61745
33042
105364
109795
118690
129994
106755
85076
86275
91461
93123
84203
107183
136846
86563
138474
77114
102450
11628
59127
13029
8438
34308
63673
2196
42376
52891
52891
9264
56814
6029
21464
32283
9259
4056
7631
1765
1765
41251
41251
47257
68854
60567
48
25362
67617
41504
8963
17045
58448
80675
92255
81845
86983
119439
120394
129511
81564
97348
108967
94810
95272
96982
113206
81106
123925
139063
140130
77633
78160
130282
119819
131605
72237
79004
91500
82834
119863
76785
128470
125930
99451
118895
72635
72635
104100
90006
137706
80048
94395
124460
18977
58181
6947
24234
70873
3898
31121
1913
19343
27884
28155
41998
49908
64123
17873
26606
48749
6822
16347
57976
66340
21883
24086
24086
68454
68454
24799
24799
36203
62418
67774
13061
18416
33882
66071
61608
35786
41090
45184
63169
44486
69186
125747
110299
96285
97891
97891
113104
82467
91475
90869
112929
123228
82660
112969
128560
128560
135478
110873
75852
95790
89747
90783
78075
80628
133470
77121
77121
127833
79873
89507
109634
81275
106557
91166
121753
80933
121581
100998
109792
109792
125781
127917
134016
136579
76069
89819
105437
118104
79787
77863
112953
103166
135637
137243
100747
102916
128621
73980
85236
94538
108353
127597
137003
119362
125155
117677
135593
80026
122389
126981
91737
114961
116814
139400
104128
106382
98866
94703
132368
124258
136354
83630
122203
79718
120614
97193
121560
106936
98087
87013
87013
88994
72964
104064
102178
110962
127627
78604
90320
98755
91206
106737
139542
73131
84272
86024
131293
131293
100975
129788
73828
126928
80400
123691
92060
73091
73091
93511
117477
91314
95412
98130
93685
117390
124151
92577
129466
102254
111413
122210
132683
103282
121528
119145
124754
72568
107962
79256
92062
83989
114617
130185
73136
104185
84254
84254
87453
124651
80239
134953
109522
97659
14425
25098
52173
34947
45313
3122
11499
14386
70729
7514
32769
8994
31495
31495
16821
56881
83435
108606
109537
118023
90748
110448
85017
97886
97886
88722
90075
117982
62050
2605
22911
2452
61467
1682
5010
18560
60841
64085
43369
15168
39942
32347
34382
55487
61393
127099
116099
83072
80550
80550
88463
119137
78158
102426
120052
80626
104413
108841
125741
128762
133356
104700
118950
126427
127901
81790
126044
48920
1433
15419
15148
50842
39889
56422
67773
36066
56554
2762
44726
44475
48855
56670
43899
32456
138345
79583
134937
129299
94182
102714
107449
78812
16435
1249
34902
45566
58138
68503
923
44519
55229
25084
60669
3451
24765
61796
13650
47637
7709
11956
42873
6452
25095
28595
64392
9618
55785
62938
32872
38533
19919
60884
58533
29508
40526
26150
48520
62108
44277
52287
22849
47671
13237
44710
57009
22623
38486
57769
41942
42892
12027
47265
19405
6837
7095
63607
47324
47324
49626
73426
78655
103730
82719
95600
110715
72025
76866
77268
134291
134291
98566
119270
135214
101744
119477
51253
52030
622
13651
59320
49248
8478
55599
57439
31196
29398
36042
60323
4427
14591
36105
57904
5781
20879
33160
17452
21445
2389
29084
48169
25039
57231
69215
29832
25763
61672
1897
55064
70126
51336
70723
6512
41364
8
8
81833
82909
120801
129956
73998
84432
133095
117838
97961
81824
121838
78803
135883
135883
140993
3919
45134
48160
13436
41622
37132
37132
63192
88713
106405
104431
113644
80402
103807
103952
122980
96584
96584
79381
28270
43922
3557
51471
52346
26332
12873
15863
15863
50640
29040
49494
23698
53599
21398
40728
65748
24103
32683
18207
47431
59772
44444
51102
79859
99025
108082
132615
133744
140667
89172
78359
90508
131249
106461
72290
72290
105266
140680
106328
118608
109526
111902
116792
126077
111661
75297
123217
141016
82414
124569
127013
135807
85267
84105
119964
81760
2183
62373
47837
10105
47604
2203
6752
19944
19844
8917
24643
29366
11633
11633
31434
53938
64052
41071
64446
65914
3929
17029
44391
96382
135704
126465
132655
96059
100037
130860
57910
6683
63172
40873
40873
63474
39498
67986
19716
22201
5138
13802
36712
67769
2714
12319
56737
78043
124143
104810
100797
118852
76202
114935
88624
104789
140987
108157
52884
47341
56799
16965
8055
28080
28289
32816
39855
13611
45877
35697
59496
43752
56792
7281
64439
6442
14693
41713
47741
39144
49506
49506
74445
90240
110667
94237
133798
101210
112314
131628
88909
87942
85782
86105
7389
12254
14495
14495
40872
59
42447
26350
45675
50381
62953
65437
39546
7993
14402
14739
69280
18781
31410
36433
13896
25784
25899
70429
3507
13696
13696
58188
43224
17654
14883
140657
132529
80719
100474
118366
128424
126828
126904
103544
71224
94793
136419
97305
108324
94165
118946
105183
135683
75510
86646
98596
103682
118604
118604
131070
89336
124318
39968
44691
69359
42552
68304
10051
60896
28068
61886
59114
91235
108722
81151
124489
113556
85465
123345
132243
140766
86289
119304
119997
125581
90596
71284
88637
106520
97986
110231
73148
99496
100441
93429
113848
282
9063
26934
30964
37861
27033
24173
29939
1584
24405
24981
47312
50733
100536
138394
131404
93233
93233
140214
78234
106305
120639
132282
88457
136418
58795
1431
10055
63683
68858
49455
53216
3773
59646
62766
54921
32139
73352
97948
95787
104934
80563
72772
115141
88585
82146
111828
94233
98773
78998
108079
121664
132333
77340
83496
101688
117659
128531
139027
59096
13319
23406
49017
13470
17168
29988
37168
37263
89488
116681
116681
120127
128246
86624
123711
116358
129312
123779
131867
31921
9233
25324
10872
45557
2660
34262
59732
10651
35820
61387
10948
12760
17790
49117
32466
51468
4920
28105
47479
51330
56235
49921
12585
19638
69730
34087
89939
97475
118376
96751
122692
124927
138946
127393
81372
110649
82252
105545
108540
76078
98585
121774
117849
97139
120760
126869
73050
132623
138346
105953
81425
87805
137016
76171
85282
97289
73561
98432
128214
104834
106348
111525
116899
120557
121618
128084
1384
17074
25150
54208
3957
67246
540
16529
60257
18484
52809
42295
64316
41990
20980
33605
51882
60833
22359
10102
14343
20390
44399
10932
38711
46084
31426
39827
61496
52225
25742
57611
53684
3771
22512
34212
41124
41873
53283
7503
26163
31200
11263
18105
37893
62054
66256
66959
48801
41598
48138
57093
6681
19792
27700
53866
58580
70489
40437
2204
35529
63046
37431
13468
32597
2476
4470
19894
37301
25009
31794
58305
63248
4455
11521
46025
129822
83986
93032
73632
117481
140281
96066
130750
92248
130211
103213
107731
97336
130272
75035
125740
128670
72130
127354
129017
99078
122028
101035
101841
103165
76880
82757
91436
129348
98272
102077
127685
137901
116151
122364
127548
80174
99629
112936
91263
126259
112124
114103
121514
83100
106890
135121
92847
111012
72174
82303
98943
119807
107460
101206
126975
72662
84397
135759
75416
82133
82133
93189
91653
106057
131462
72817
73430
73430
77665
124216
78156
80107
126143
114972
3800
45764
57504
38240
8303
63582
68684
86133
104766
135101
89873
103029
93210
116957
126119
140818
129063
73575
108473
52932
62386
14338
23264
56375
51957
68413
27212
47496
8721
34415
50212
47903
59108
25078
39553
47763
104356
118342
89597
95229
108688
75690
6406
20604
40627
46643
27471
28526
32815
18219
17274
26648
1924
229
39387
65071
69643
100938
90122
97087
88308
121673
133849
102378
93350
95793
110484
83200
129881
90532
84094
86583
94616
105588
109353
82745
78039
80813
85899
107904
107904
113541
119261
126983
128655
41881
58416
4064
28971
60623
60541
64016
64340
31752
50111
47209
31659
34385
51995
70820
48035
84617
99860
113153
112463
128332
96308
77450
138397
139720
18708
23021
50749
15645
62737
18582
19375
4074
17011
55583
20947
69249
34591
69337
22232
37823
51255
62956
52476
21131
33592
27621
44934
26900
33269
49510
17172
52414
54968
61449
34554
26927
53032
138990
82249
71900
110724
125186
71793
76124
76124
92963
106385
120886
74279
90588
103855
103858
109075
77225
52122
59202
47709
4093
18361
11107
12500
13572
14497
4774
87837
115757
79720
102764
114288
125571
75779
126174
102288
102288
108076
115236
137596
139361
97107
133421
94739
122887
123826
76787
92654
119851
111003
100653
6518
6741
47978
52754
756
1116
46669
1798
1212
69580
14325
24513
14281
43540
50578
115806
89895
92860
116789
122898
132599
84974
122004
98084
108175
102366
111187
123661
133276
82239
91833
93431
134158
94996
24278
28024
23612
67810
3104
12070
39432
97816
97816
124187
124187
103743
102202
78198
129603
80952
116705
2107
14362
34250
66503
69703
23014
43109
3565
6573
18211
22952
7918
38358
33613
59525
17580
45497
57927
4327
43934
43934
84849
118437
138751
74487
72395
78808
121541
73654
90750
113885
134310
75074
93107
72143
80536
84442
84442
106631
87159
97556
101855
72957
106622
78229
100876
72998
105508
84673
100846
130888
92775
123143
124329
104737
134576
106289
97792
133974
109764
115553
124388
105100
109121
109121
118346
88488
122399
135393
94832
98143
132997
87431
92741
93112
101212
107355
124923
114674
82575
89256
98647
90058
118811
85682
76696
111098
135025
130559
118721
76945
123997
114354
114827
135415
85691
85329
109933
72189
99261
127025
103114
136624
140466
4656
42719
53986
37661
44595
49871
2516
10746
48173
65436
4261
42427
64972
19214
54017
54017
63490
6819
32147
69745
23001
24800
45142
64488
15626
66697
11825
28941
46384
285
52009
22182
23378
45528
56310
33168
47509
28785
51325
4932
10618
8278
45193
26427
63544
67065
67065
1960
60795
15450
31013
110150
110150
126351
89680
95367
84068
95596
98423
135199
110145
116008
134943
73808
75090
80062
88372
93765
112178
120151
139188
73246
118952
127445
107134
108937
39342
15572
16322
39062
6342
47912
56124
56772
5515
5515
70222
48038
122882
130196
103082
110101
118592
85494
77388
83681
94344
100579
125175
73594
75793
104733
130260
94241
133821
72278
121903
130291
117460
138669
25421
33212
31613
55159
25094
35791
43415
13383
27173
38063
59282
69890
16886
37405
29119
53296
24131
31156
24287
55243
90185
125222
134482
97473
83232
101079
88680
90530
7102
54184
65393
20159
27280
29313
64444
64444
68806
70360
27545
47914
49478
36935
80040
91344
103831
115912
114544
105041
131998
95319
103319
116380
115326
71727
83941
79394
118081
129804
130623
103071
108710
108710
119522
92777
90234
73907
94664
117330
139300
75056
111370
135931
130996
97889
139589
105262
23306
32039
35198
35915
63643
63643
18409
40614
40614
46196
89137
139498
137327
95829
102098
79351
105690
134207
84395
72408
129254
45301
62824
12798
42800
7776
7923
9318
11166
56771
64749
12369
36990
23972
32376
31094
66837
28102
51260
66321
109864
127401
89918
80957
136115
138615
78291
82734
113054
86981
130949
132182
85121
98849
13290
28036
45046
61339
62074
17022
37576
51897
33856
2221
6448
18032
20251
36357
59533
70700
37621
65772
6494
24634
27164
2350
6877
19171
59852
66419
13561
15219
22070
33827
18721
6455
41050
27375
2192
27263
30636
41669
7664
20828
70613
98314
82908
128085
73787
85713
104947
111505
135127
105482
79776
81020
127068
1113
53262
64139
24988
30512
720
21537
29336
70686
677
21649
23676
2715
21980
77571
106576
92882
123270
136615
111277
111776
127947
134545
71695
105096
118876
128404
132985
84527
77275
132411
117597
94525
99077
133776
75352
55068
65919
49082
46942
52421
11095
14367
66646
31584
67145
56326
66197
26980
12813
33923
29086
54674
30559
41029
41029
50005
60696
3016
37746
10347
60375
32933
56954
9757
35028
18085
34584
2270
56055
16229
30996
46996
92545
96548
123982
134525
77610
77291
101508
90447
95685
6932
54414
25684
37950
51656
5847
38789
58146
27124
63671
22033
26789
50860
51320
17260
42984
53149
16144
42454
23213
52158
42924
18866
31283
47343
5131
39781
45404
61062
22211
58096
21167
41788
43344
58263
59666
50244
14082
45204
19793
35339
55577
26813
43673
34556
16441
35119
35119
57312
6627
28130
77644
84025
98700
116790
75582
107012
133094
73401
118021
93489
100281
98855
122255
113598
115294
136699
120668
99955
2373
26357
6941
16665
2539
48986
59234
68061
44893
63117
67739
94554
104057
114408
118847
132236
102295
118082
137406
117737
118537
138229
72600
76393
119540
73144
85124
112992
72883
75698
99467
93524
129429
124355
133353
133353
135762
81597
82826
88582
111286
112858
128135
11364
59363
52505
66083
66083
35006
25371
49862
60885
113387
116616
103430
111687
71412
96710
76099
108576
94835
93046
116017
117490
80290
43765
48727
29454
39619
67913
41370
2424
7063
10934
33019
30442
82420
71337
92650
81080
132060
86271
135625
87383
127311
79300
88026
97774
86385
89853
105147
105620
114205
125268
115305
79119
111027
84981
88785
99452
106912
114364
74043
93386
119001
124765
80421
136575
137749
137749
133351
85271
93164
117470
121967
126807
96968
97089
111205
129957
95865
71706
82385
116735
134657
110499
130048
85190
102859
77135
138366
88451
84597
109475
121765
128050
50343
45157
56658
4940
21191
49616
61126
68350
69960
104442
97346
108796
133219
76098
98899
105365
98680
117314
82611
83894
90848
120508
22953
3917
20443
37196
69807
36258
70853
3814
7465
17198
35592
42480
52100
17155
97811
95734
95734
120039
71127
89621
104957
113953
103894
108078
123944
109289
82026
84321
89021
71360
73191
120433
138286
8518
36951
46975
61803
15143
15882
49271
14669
21748
70553
41712
42357
24065
9995
33016
42511
36080
54750
37774
51990
72893
73245
88763
88977
135548
102831
121481
127834
132260
97716
132306
133051
99935
90411
114430
124595
88973
79606
81711
92075
85114
119555
119555
82566
6039
18477
18311
49883
29676
61428
61722
70544
13368
13673
31222
8820
35080
23928
63779
49513
56408
67426
34414
9353
19724
70323
45559
51042
69984
24880
64337
22265
22265
45032
15002
27557
30985
46692
27642
46313
9313
35171
40192
53891
65224
11189
11930
27797
27426
42500
68533
68533
10900
48832
64806
25805
12490
66558
33953
54962
27091
3661
50512
60289
72992
87612
88802
88802
124319
99391
116219
26098
57019
19252
68744
44342
29793
58004
10133
139071
129451
81335
110752
134122
82386
101140
105998
134673
91349
101717
130846
78749
97073
128194
85482
88311
101778
94674
109144
131644
93322
95102
128298
71978
80291
107088
78545
109883
118278
139086
89388
101437
118161
76745
121937
97596
119274
86282
96951
96951
120770
137154
132010
89192
103042
127324
72432
107552
94118
95211
97406
124869
79046
36287
69233
3137
193
69029
3776
13686
58588
42430
65526
39746
59073
7080
27495
56389
14584
43055
42678
43816
48395
548
6565
36556
63533
32087
34841
51657
53382
87930
124748
138454
110127
117869
96601
111280
95944
132406
130090
93814
106665
126353
81298
53892
70075
61510
61648
21984
42871
51640
7526
61876
130432
75811
122652
101678
130763
80461
100153
131296
119614
139100
107185
133803
75536
119986
106939
110931
113600
136317
91638
81949
100353
107050
110331
110511
112200
121153
121153
127530
76147
76893
93950
116613
85693
140757
77289
100530
138409
99497
101119
104849
125435
12757
29809
24473
14004
65210
70572
72511
72181
72181
96781
111858
86713
117804
92652
96022
119312
133523
140022
94412
101686
78000
137204
107058
31817
22235
24489
35174
38333
7338
46703
54526
6778
69092
28708
42943
5105
49662
21417
21417
2624
25363
68828
126440
80634
98505
113295
72366
74480
97910
120975
2047
40985
753
63823
2913
4244
32787
60491
27484
31808
57162
17386
29268
138116
136661
95769
113802
111200
78725
78725
113270
132385
139791
139876
140494
72742
113486
107198
82182
101041
123282
107057
130910
131259
85215
97388
76321
106581
90600
109188
130330
82068
106869
134322
106124
72248
112292
71554
139388
72756
79470
98039
140273
92366
118947
141031
90714
90714
104512
104512
136696
136696
107226
110406
840
6560
20996
50015
17644
18320
31683
37525
58484
4888
55837
567
1024
9772
70628
29361
32241
37388
33342
38544
40955
5894
15786
49242
60005
66153
12875
14145
98583
81101
135555
135555
99035
139251
72506
74049
138864
1824
14377
65039
67181
17805
59934
60211
1392
61517
64913
51281
12916
34925
18177
18177
32493
78874
76187
94460
100134
115878
126847
27176
68238
8013
45334
3982
3982
44121
33304
39814
68536
82526
83692
81342
85430
79940
90100
115854
77151
101088
101088
101853
134433
28962
50446
50446
65324
46670
59261
10362
62749
19028
8552
22481
38911
59969
33295
50531
61395
68820
69619
46645
40156
2063
39693
28720
81339
114337
98450
134404
139366
113656
99779
99779
110500
95122
109768
73826
135886
72555
71640
125591
89416
113373
92094
97887
140867
110991
122196
135262
78791
81124
95876
123609
125136
128801
135862
103847
90870
116321
135588
82840
94110
48869
16224
25737
36152
40538
2236
54988
4318
64608
11222
55022
67236
43699
51037
62466
66577
45234
29121
19641
23549
43468
64807
18835
1102
9097
75155
99149
71046
80277
73852
122527
98045
133120
92174
115822
123874
132695
86361
90441
137837
71163
118126
136982
136982
91041
136033
138155
73256
79851
136825
121157
102622
126202
90647
121062
89196
119778
133167
86661
125615
71957
105406
38547
15321
69414
11248
15945
55789
7431
35238
57919
33491
507
7826
40435
48635
70408
20812
51496
70064
13069
26269
34717
8664
28090
32702
49567
11859
15476
13751
14297
44189
19961
37850
5661
25826
27713
59128
39898
69547
62902
25426
7998
51272
19149
1500
1624
5559
18503
21613
28739
55206
46714
65117
11573
20503
22433
85439
71520
72905
82035
93827
91294
136494
137646
80982
116715
132092
94517
115897
73816
123729
127529
95589
104939
84059
111584
129115
106828
129922
129922
130210
125051
115206
78460
82377
91382
109471
119913
136263
76670
95960
119515
134373
126758
84392
94836
86872
97124
71946
78449
116934
118762
137410
423
30164
41193
17287
38589
10716
62739
49116
64638
67435
21064
25741
60316
66223
69129
62033
56780
66943
11229
6299
67095
36191
50968
16518
19567
63722
62259
62750
64119
64737
33250
14701
21622
21665
68908
32941
1634
9185
10755
47445
50803
52538
61880
69803
35540
50985
57610
88273
73698
114447
139494
109893
109893
89675
71346
86719
138629
82598
108100
138213
14723
56852
4667
7999
27833
58828
68686
7348
10908
51307
64952
46259
6258
69012
40400
34750
37817
42798
54760
9681
68374
3845
66026
4523
31380
713
28405
45990
70638
51549
67364
38331
64856
708
708
13231
66576
66576
50311
69957
44247
38041
29067
57724
58028
61043
75452
131730
77338
92840
138919
82000
91565
91565
94116
94649
86109
130273
100855
103333
81219
123681
82153
91123
108915
132801
135280
90134
105298
134594
80193
110493
111907
113117
121962
139534
131133
106407
138471
85347
93385
110714
35203
38295
57086
48298
53605
63895
67958
19514
23801
42490
23741
7838
18727
48517
18452
34904
11154
12652
1011
14710
48519
15422
37102
66981
14556
57819
6665
13426
30218
42684
9966
115593
139412
139709
124835
127438
75345
96888
78632
110630
76406
112010
130906
11593
67775
18645
68313
10338
105
21050
42893
11120
18891
22594
27556
15296
118890
86573
98724
129325
132684
112747
95034
82951
116038
91171
94901
113033
113563
114759
119806
86150
97145
113411
137752
90734
140302
76961
74003
102062
111600
127678
51413
37697
47504
69313
9376
36780
18701
44719
65425
99397
84501
92011
85486
85486
89971
132258
114524
119398
93617
94721
109684
123690
139522
139926
97684
71071
95191
135344
136158
16433
34029
4013
5070
25112
52342
52690
123941
113574
119029
105638
112647
113842
131959
135124
87949
102195
77902
77902
72457
113264
121678
111754
128092
129090
73647
86328
94103
83038
119673
77524
83923
88161
121990
106590
123683
123683
30234
34547
14242
47575
27960
27960
34752
42007
34324
54099
27508
4224
31306
3887
69699
32005
32005
47164
47164
39433
41301
43051
50123
22097
28713
109937
140514
91066
110647
110647
104530
104530
110863
137537
115995
132649
77651
71539
112966
123558
129447
112568
112568
114345
132486
75288
72465
73922
138543
81644
102800
104779
92413
111641
112191
117467
118224
140880
79456
74740
108397
71464
88392
122849
121823
124654
79737
124044
78889
87753
101182
92982
122386
70942
71481
73076
89508
132014
138573
98753
105681
6456
23599
30502
66708
14180
64061
586
53202
27967
63583
70837
36707
21910
21910
45015
64630
65077
14158
20844
24897
24897
30460
6402
7285
7018
26909
27167
15409
19095
45842
16199
25960
38247
8683
33922
47980
31830
109765
110410
74482
94394
101510
118013
86242
87135
84451
86639
88468
81670
89136
100287
77810
117948
90854
99511
130461
5815
13072
42347
62401
11637
13267
30499
35896
57296
57296
25802
45662
4057
68240
133823
87093
105133
125419
117441
128610
112374
113435
115167
132744
99404
101004
120106
123643
125574
106223
134554
85805
104227
118014
111656
130109
122852
34443
36881
6205
6506
60390
63062
46155
52276
23624
23624
124983
91323
101633
131348
76480
108018
91998
2658
23125
34342
57315
19140
8170
14096
23855
4324
10383
58232
40374
91887
79483
120271
73823
95732
138732
43602
14885
2297
20532
14224
45606
47616
36003
54827
43965
69485
20334
33040
59642
27234
35811
7039
7148
13432
17957
60694
54100
64082
120733
121196
92617
96477
104411
65200
31574
8347
24741
8706
2871
33944
38585
19278
37044
7714
57879
63751
13983
28437
33075
53671
2158
18325
48957
7893
36106
13238
53319
23336
35472
39260
40979
42696
46753
59633
28903
28314
65693
10438
56440
63954
179
35182
36295
48217
20137
20228
22870
49004
55102
53432
21240
33058
1259
14014
21721
26452
10436
34523
271
60947
3976
11062
20992
54204
55768
30912
30825
49182
37764
47399
17281
57472
8263
9566
13151
48114
4882
27161
50133
65303
6650
36966
45432
55744
18534
19966
56203
15403
70128
43448
24770
47396
49345
49345
20422
22073
22982
60416
39533
62836
49467
39482
52084
6197
70306
8762
34435
549
39808
39808
51076
55970
25923
39591
27914
35652
35652
60930
2124
30623
70710
101501
111513
118001
107734
126073
103406
71647
79233
106272
100848
75809
115561
125606
140823
3473
43481
43481
45704
7093
25602
5343
5488
35692
61810
16749
34629
66673
56165
65611
91739
81159
106202
107367
113863
79785
107805
140565
101422
83419
108780
129830
127565
104117
82496
123006
101184
116725
100561
117907
117907
102727
84033
120643
112565
119331
131032
123424
130975
140581
134272
99219
106473
137565
104726
122814
7570
12008
1591
26558
30521
40481
60293
4842
49102
46472
7227
48424
23857
118558
126310
78490
104507
121199
111104
123369
101204
125840
138568
123774
130575
118080
92389
124995
93160
94079
82610
101304
121960
131531
136327
81378
124155
80050
118992
130110
135903
46142
65510
14757
62955
251
12542
17750
57364
50285
32563
48335
68827
9246
2553
20254
69824
54132
78980
84996
125114
79231
88663
89816
78344
80020
138496
70953
110429
71572
96424
82191
71137
126868
99987
107176
131517
137693
118091
119761
83017
100945
109267
113385
90658
79232
110849
92513
131787
89964
96295
137191
126881
111110
114648
124854
91879
102172
106569
109830
110766
114966
135395
60987
9980
42089
58068
34612
66139
6431
17545
27687
46096
54524
4976
9138
7652
19524
41715
58095
61049
55655
66705
38235
65616
9778
10498
15468
29586
38352
51686
53793
2353
8398
48921
43041
45774
43353
17972
17972
52674
24000
48803
63264
32226
38026
30665
22412
65978
509
17402
13037
44052
8690
20111
61533
13052
11389
21326
22453
10020
14775
9397
5498
59974
1801
11052
34413
4155
64984
65115
23572
66336
31725
36916
19169
1031
27866
55709
28249
42909
131975
75340
136619
100956
76117
110021
119016
84761
101287
71901
104936
73156
85089
136253
70936
86918
119032
119378
87153
102411
107637
110402
123662
110399
126664
96090
106988
79309
79572
122699
76367
81466
110303
140165
140165
78829
102826
92744
87014
109696
74014
96383
116032
104151
139910
128781
75864
81175
115186
93855
103944
124785
98619
102475
97010
99729
116210
129463
115729
133822
94743
103582
111674
127988
120912
133864
110377
130684
92675
94011
98470
110746
74856
95938
95938
108097
39065
50532
37618
37618
63040
3269
18431
47777
48250
22933
49689
56851
56851
34594
39598
51662
55663
103701
81622
91603
121296
112751
125121
84165
124317
98460
125819
127409
129308
130487
139216
18275
47851
50081
2077
3483
8784
8784
21090
43618
64258
20446
25002
60336
63088
54087
62443
15740
43940
53996
65286
40236
6052
16272
21010
1720
7476
15757
85145
118504
76536
103164
131716
111326
127949
72020
87902
114534
123367
123367
78296
110739
118502
70991
93433
117395
85545
128361
74622
74881
77861
110951
101859
115373
86439
107672
129036
92351
107094
112473
112473
112912
77656
98993
95993
18310
39389
30717
46485
52297
24382
47576
40754
70194
3049
16830
20990
64451
105589
113065
140235
91492
90282
121056
88278
135281
74577
89811
131147
23449
7407
29950
45628
27852
65932
15702
24444
39651
30724
32599
49554
33998
89842
89842
75912
99392
106979
120612
125827
127057
127057
110594
88621
137701
108278
107282
125703
72782
76291
100624
100751
107732
127037
129600
138687
97649
112850
116592
101983
111807
119223
80784
100761
105217
116891
120963
121406
65652
58465
30978
48711
69812
38668
56217
36720
59930
39195
31144
22752
38648
125897
129172
90343
106116
90393
100748
86359
96852
109559
115961
107913
127829
81347
93407
80697
84335
114843
108303
108303
92464
76569
127189
128283
133598
136591
48443
21838
63661
30350
43165
5775
64957
103637
124922
74517
71564
127671
116388
89325
128435
135575
74058
34476
62059
69915
336
70716
55816
6938
60990
56729
51142
13877
125093
121281
138081
89746
115027
87939
128449
129183
74201
87354
92602
135510
140383
113843
79577
99030
99356
75136
105870
118158
126026
87145
89669
130982
1047
35037
36154
59587
33688
59386
70465
9284
27660
27660
52366
7449
28148
40006
122614
114399
117673
135316
137349
78703
87752
91313
104979
104979
131082
83053
14575
45529
29823
67136
13955
29199
2109
4710
30729
61098
55893
64970
36211
48473
105071
88681
99460
134868
117505
121080
136955
123776
79562
112276
120923
40021
53638
52828
4728
12036
25145
45230
21012
65381
34081
22970
46608
38368
10489
22727
31542
23320
66428
54212
38462
52921
11511
22372
56022
14190
62862
65062
29806
33624
44641
2576
11329
36837
29384
18841
12133
17856
19794
27729
29587
38959
37653
58335
14015
116550
128057
128057
87843
85695
114642
123573
79105
84982
101979
92679
108285
114470
126809
76567
76726
86247
81610
81969
108194
90155
96464
105650
116958
38925
43173
59231
47641
53359
5552
11397
28375
45021
6865
33223
53255
63089
9743
10484
10598
17584
95551
91155
76255
84746
106524
138729
98846
111587
125321
137657
79265
104132
112278
112599
121547
134135
49092
50853
1481
15811
27847
55750
877
877
64129
50103
29770
51173
59367
18268
2783
58344
24067
55127
12893
29998
26030
35149
61581
27800
40045
49553
65592
16737
1273
25561
25561
34338
52784
10205
63287
37293
25688
56898
69415
18522
20112
15449
47964
17442
51618
7187
49534
44704
23686
133187
133650
75760
94494
99809
118462
120536
130875
131879
110266
111137
132184
85749
95483
95483
36850
44337
44900
50518
66841
13137
54755
67401
15876
76435
117019
117751
89924
82064
87530
88024
125399
101834
136473
114362
136752
90298
9771
40360
44004
15492
55494
66413
61614
11552
101
13213
29934
31447
52458
89999
71031
105186
119714
140471
75624
117519
81066
134419
104433
10067
20333
36334
44175
34609
46925
63129
28691
73949
77218
106598
137374
112346
83256
113301
119219
96498
139808
103661
133763
124780
79029
112122
112122
131616
71231
121715
4325
7553
10252
41188
38048
13051
13711
52589
19106
30686
43430
51123
24830
67000
18398
26141
28573
38351
34043
44574
60673
5106
5106
8470
30277
16359
48292
54582
55994
68948
12435
32023
32023
38285
51251
58201
13726
51459
40154
48053
51404
45929
53885
13430
46946
53480
17337
62502
6586
35056
60684
23343
10522
32230
24217
59832
10255
62841
9305
26677
9901
29960
29960
60866
43075
15000
60027
60310
1235
60559
25662
33904
3324
20123
64031
2754
39805
55137
16543
29865
57590
9077
57331
11160
57464
11347
11347
17234
19764
43758
60960
991
13709
19583
63894
7091
59996
8726
17297
32718
68947
67220
107138
127211
125033
75961
75961
94738
95871
119105
131029
129457
129231
102061
108754
117189
124223
93265
96860
96715
134933
64626
27001
68742
545
16813
17473
57956
26670
1680
40889
44353
59804
63788
118535
107686
79602
132410
132410
131852
86694
113944
86461
96362
7114
13631
19536
811
38757
38757
69479
21918
59815
33839
49684
75026
104549
121802
124647
97828
76497
119976
74411
92610
113751
133826
76582
76635
105719
116683
130362
98740
98740
106054
138935
84644
91471
104661
113233
71858
93371
116034
131347
90451
131336
114050
127830
84306
96738
135799
82214
122325
73658
119257
74184
88676
97401
118780
123877
137781
124112
137832
137832
132255
13667
36666
27784
22099
66875
8559
11556
33117
26439
30790
10612
10612
13553
16980
50055
21371
47152
47152
47638
68345
13504
39027
31968
33831
28906
62522
29496
7387
36306
44068
67044
68337
53229
53360
22812
7272
10714
49258
66857
77915
110629
90010
71126
77466
109152
135336
29007
7492
51308
7120
33504
45855
13387
58185
12249
43347
56122
68982
89535
91327
131579
93567
138798
85303
126565
128439
129442
120595
102923
106900
130991
80211
101631
108444
124685
128456
99005
132836
119179
129837
106317
103081
124865
91610
71853
86437
125842
140354
90371
79474
130468
139514
131633
132344
44287
680
1174
25803
33815
60228
62971
3695
18095
42407
44436
55693
115898
95446
75670
85776
128253
68441
70480
54533
23207
17740
34661
29078
50164
63596
32342
20678
38917
67062
47643
5134
20597
49039
8523
34377
58257
60552
61501
5793
32202
34993
35159
30064
67728
7602
8991
17121
27774
50061
5562
43768
4060
35914
17469
37065
66400
11255
19402
53413
56804
243
21955
41153
4902
38708
99704
106717
123896
133951
96431
120592
136704
86108
98059
98059
103261
126892
27901
37585
66163
7925
60901
68743
19569
28800
1569
29289
61749
54113
58931
19921
28035
55003
55003
62673
21588
35483
26858
44788
109858
72793
74557
116156
130881
140016
90244
91207
102709
106539
123610
128811
29650
63327
23853
33183
54704
39150
64650
67334
49780
57129
98036
109752
118509
13036
8589
49953
49953
42145
44279
52768
27542
39677
130693
99571
96028
96962
105711
58408
54841
6880
10509
12042
46694
65685
28368
56774
21450
17504
32523
68571
68571
44351
54135
7462
55720
65850
5510
54438
53919
68865
42101
16537
27535
31733
27661
70146
57198
61580
23787
37385
41845
21554
3133
17993
14570
20672
31071
43029
68767
12510
14581
6111
12104
55396
66096
63705
31465
36715
3224
13849
44261
48856
53252
82675
103155
113135
109490
96377
97963
97963
85262
120671
82974
85340
95866
102565
102565
91977
139456
58163
18237
64739
1531
13574
18819
49604
14719
67870
69125
7149
35411
80986
99186
101568
108961
138561
136787
76170
115134
126587
95484
95484
99654
123180
85700
99225
124872
134726
96107
136122
116829
103632
124464
130069
92026
108224
93496
133182
103215
103215
43177
9982
64757
3513
49935
66918
26947
4461
22585
52652
55368
67871
15696
55864
4137
4137
16407
29995
10333
33389
31526
35643
8490
16673
3347
14462
67512
