61514
95783
97461
106237
42617
48037
46048
58275
136860
140323
16156
36801
42715
14861
105723
71782
118919
48327
13548
124376
110730
121742
125858
46427
117725
99174
21429
54950
79908
111610
31866
17255
45925
81855
91543
127292
120907
55010
22514
66719
1793
59079
70575
9915
56229
42613
63875
9439
18815
42087
29609
131234
81254
71774
62174
61037
76067
22990
33487
75062
90673
56024
60498
28571
10628
135630
83298
129175
98319
71482
90922
43771
9562
4796
17741
29094
17345
42828
105311
140139
74726
128041
124977
38738
121495
93526
94431
90788
100060
116565
19181
1382
48630
36674
130854
140706
46574
130680
74567
138145
81399
136932
82978
106361
128453
93343
20842
44127
47966
68961
45508
31319
119718
32295
80379
20823
53529
61370
52364
9680
21292
2602
68817
23642
129078
109650
75204
5453
47432
56061
2950
53096
57660
27356
124542
118223
125094
80765
31551
39126
32252
99245
97682
81700
9855
53735
68685
6844
52303
89130
110994
15608
15688
133304
109274
101563
104260
132220
6381
60180
47469
73801
11033
45455
125922
84526
48422
122900
131187
120939
60994
35758
59210
104228
57983
41862
3416
33081
96230
68528
10689
45694
41326
10858
38360
77322
118427
81787
75504
117883
83592
97431
44863
59793
22274
12591
27867
31827
31451
44583
54350
117765
32100
77382
90873
113169
77451
94026
18381
45416
25121
7170
16943
33650
67098
14083
51050
37630
228
68387
5566
23694
31709
41194
25273
117691
41127
41543
90413
95839
68920
99774
84407
25861
50225
121230
89705
85205
106517
59086
31798
102894
59944
110539
111408
95175
113087
45163
21621
635
23239
76932
130317
19772
62969
1386
37454
136598
105913
124067
95285
25140
46344
92392
84228
94023
11676
5077
12718
74802
123109
73763
122376
86103
85322
116580
86312
91761
54590
66049
105218
69581
102863
125130
83375
118972
1238
127241
122632
64752
5179
59547
47786
54754
68847
88589
22092
39044
65802
91902
108326
123505
129189
74023
89374
8139
23929
65577
91535
37915
140017
99976
137851
105488
129282
46795
56367
18194
60423
2416
30470
122884
102873
74358
112574
9514
24461
108942
103239
132989
61838
95641
80883
76993
78932
117024
94199
112078
120860
123334
80519
105031
35368
18723
106673
106990
101447
103689
117610
45946
61547
33603
44254
109956
32699
50756
15434
15834
65501
108858
102393
65819
45600
8832
34960
2945
20257
49110
39517
64236
79897
109370
63874
16903
69430
46642
19590
66292
26387
20352
9302
990
137652
189
2641
74637
119668
38301
110522
133840
122731
108602
106310
116467
12245
49002
25436
1889
84304
120552
111246
19264
12609
73109
131896
123966
103023
31472
11129
7605
78079
126311
130025
72973
122219
126163
137136
44793
10768
28656
93395
108944
82290
95391
16254
81766
18368
46838
106259
96515
60386
74657
105060
34566
52438
76703
90074
76759
106058
114977
131226
73221
92753
45283
127552
116256
139468
30305
65798
46224
5263
121268
22020
101390
98903
129121
42301
41001
65453
46309
103570
44329
55482
15893
8550
45912
122434
89242
77124
58671
110240
58810
139096
115426
74964
105849
115273
31368
56173
20400
134832
138164
79174
121352
140785
92518
94464
824
30865
57064
27180
52137
16653
125365
78273
130654
93949
52304
92876
116780
129116
115332
140228
123680
76302
92990
49581
119598
109461
60554
18641
23689
66813
9944
41996
10758
118269
13958
92171
115499
17666
103301
116836
86710
11221
25983
55938
52717
29194
15775
31771
118846
113760
87004
1284
6175
58102
22700
15522
102311
102446
90157
2568
8484
99172
136132
43944
79733
96843
95434
129306
106079
34570
40897
98341
131885
77395
76133
55518
45317
128637
88210
32667
64135
139807
73890
116322
118932
136492
13428
44389
100012
38388
88418
136636
113149
116024
64813
56853
202
59214
136493
123544
13924
75033
81992
140299
110692
139583
112671
131737
76859
122538
78356
120387
115747
77207
95815
140881
82250
76219
109047
90768
88484
82957
75372
109454
135613
104848
107444
111385
116719
37056
30386
682
29077
25320
46507
13653
72638
30705
90765
97776
132528
86237
31913
125714
75221
134957
20924
70335
30396
23199
109556
91894
137348
84342
127844
114981
30216
31810
110442
76762
92711
25716
63529
89821
118491
103098
117750
100329
109904
70898
29889
68632
62604
91804
73967
95675
40037
50022
113492
71449
128571
32490
57028
24705
34311
62257
33036
3090
125487
113454
140989
30736
126682
75487
63078
65157
55168
6620
44077
54973
115970
115277
123717
63917
39614
23170
52247
115394
102667
12352
70030
23580
51557
26298
99777
80051
71987
109401
88207
133436
51154
21728
89822
77347
49019
15887
18143
63090
79069
119185
83608
73986
95130
68740
102597
105803
84295
66849
11701
70417
85453
118837
112540
137697
4233
66454
18078
133380
114753
20915
79419
6646
50419
37380
14181
62499
67768
19104
14596
92707
108947
79457
132823
109154
76781
78287
17946
55523
15770
26734
18440
83835
121491
48440
405
29439
50507
32129
87777
118766
38896
140503
111688
40953
10905
46625
53584
71859
77239
73960
5037
52719
98720
106077
122027
130555
53163
2671
103908
141047
71697
129099
99845
88333
126560
4563
50698
15049
4210
12538
6602
63095
109216
87327
91232
41455
125723
110901
66440
62473
8102
17299
11886
7890
10339
99457
120197
78138
106205
22819
34957
83634
110926
128339
97739
77819
116521
50829
88014
106836
102792
83088
68895
44105
68033
10525
67321
3556
133924
82979
118469
137731
8528
17403
70872
24940
109463
80144
47289
35
18131
113490
2653
33917
24919
21868
17283
78117
80561
114349
47549
35987
130178
117322
115804
119007
29080
20283
62566
106270
76749
66670
4021
7641
57138
32658
26284
3943
31162
9973
136714
88578
138099
126066
121520
71759
104851
48433
73177
120474
26054
57273
80179
136508
93598
95212
84319
106954
134955
5897
42595
68733
35523
101821
9677
38978
58783
805
41216
26438
41144
94861
24556
138734
25407
26883
44652
23890
101562
74230
78779
57680
24786
69611
28984
109141
13713
53904
69753
88664
12340
74536
133699
100429
15445
76436
71712
71924
136212
119309
109674
133730
115
73648
105362
78408
105978
139539
61279
132507
69550
44332
64076
136710
16074
28177
41493
62982
106647
92669
117712
18120
10011
62189
2928
590
123111
109263
83785
139604
7557
51842
108266
39671
7428
96455
46764
47000
15366
89875
120617
76799
113612
122812
85620
126556
134363
61980
48987
82531
92888
112130
108706
111795
117367
83267
113819
28695
1298
52061
11924
66343
42687
3505
107397
133634
96761
81687
121092
61556
42987
98430
87043
95794
123578
5290
2421
22379
38859
41182
130698
113726
114316
73167
80971
12055
32650
46732
105158
109089
53780
26865
44200
11748
13085
64353
120961
61349
76643
120118
5346
4637
80922
135979
95097
117761
1823
42168
55723
83805
2635
58280
25859
35730
66127
83914
107543
79727
32796
17025
39111
73641
83562
31754
79136
100934
23122
16286
3434
55186
67216
53121
108299
120292
58189
98957
122669
43745
82995
94609
62784
131538
98865
41470
67807
39358
125345
60432
39604
53831
25774
56066
140370
75418
65298
18474
128316
121743
17202
16250
86948
116998
77681
113055
89664
77557
118948
120773
41049
92287
114284
103557
90297
95113
131735
81479
105685
74057
91794
77752
31994
51008
102322
85057
89777
121945
52830
124106
84417
53156
15329
120716
133500
12088
121136
127750
121163
37891
4379
19451
15701
42959
64823
5538
68319
46497
40921
6692
121058
73662
131432
136073
80207
73025
117713
50889
32387
43156
15609
65145
43565
131118
51973
7334
39096
32964
747
12530
51093
49844
123605
103047
92677
108472
88005
71724
109160
34471
66647
127610
94443
126281
122714
25617
55114
117704
108840
130367
137874
78765
38556
24081
34802
7480
8330
81152
132540
109122
138426
25601
20585
64689
62487
42498
60535
10633
23656
130314
64402
67714
71027
7325
105600
112622
123511
13777
49466
49930
43596
28516
62925
38886
75213
68890
5278
48301
94713
123553
54109
67358
41641
66895
123835
121150
24467
28377
21737
41828
50848
61811
18288
26462
88105
43068
