85878	135
59192	130
30245	179
9990	215
35770	137
32747	142
43059	259
17863	168 168 179 180 247
74379	179
87660	247
27116	279
68805	209
48678	149
26397	266
21675	168
68991	148 152
41286	135
13434	168 179 179
78360	128
52688	245
39588	168
73200	137
48577	130 131 158 128 130
45704	130
76910	168
84120	180
34479	227
33025	204
12480	209
26280	152
40166	158
59427	240
20183	137
76575	691
65163	233
59092	247
40934	128
33049	220
52540	179
81213	178
35528	247
19940	262
10959	164
80660	130
37399	183
20585	183
61412	266
63977	179 180 179
13100	180 180
41392	179
76673	207
54574	168 252 253
65859	262
46376	179
21180	263
40293	262
51553	253 131
27471	135
49656	181
68431	247
45880	150
26017	222
80565	247
30137	222
53567	179
66147	151
43091	179
70342	178
71946	142
13524	135
86340	144
62443	200 177 199 128
8375	263
58518	168
80122	158
37987	167 168 172 177
56233	137
20373	247
47611	177 177
10495	177
44282	192
56609	179
57013	167
77400	193
36816	222
70762	233
28345	247
70859	197
34063	209
80050	183
71921	135
20884	142
37673	134
19061	168
42070	128
74031	189
9959	263
34031	158
54978	252
67839	253
63339	137
7953	137
87947	178
7090	247
55723	138
2331	222
80311	179
52199	138 138
34415	179
77324	142
19721	229
15551	134
53145	179
87164	178
33798	247
86381	152 152
82200	149 224
58730	247
86489	134
68124	240
33976	277
77558	152
6897	152
15592	222
14445	158
55155	138 170 206 207 223
32463	211
26848	134
8541	135 206 156 138 179
26563	263 252 263
55293	179
41641	175
27322	261
87556	179
44959	168
42608	256
86079	185
67085	149
44315	222
81897	170
80895	209
42328	167
13854	204
70426	168
4134	128
79728	168
25894	137
84921	254
84202	252
27193	227
65472	245
5876	269
66355	130 130 168 224
75978	166
36061	247
33606	252 262
59578	130
24458	135
30762	227
16178	134
36407	227
15715	221 231 221 231 168 172 205 179
11873	131 193 191
10175	142
81874	141
86360	180
18563	206 242
64194	231
12353	193
24496	252
44443	209
51752	247
20946	168
80553	256
32978	134
35218	128
30602	162
64291	158
59167	128
45937	209
54545	247
64485	179 179
26159	192
63495	179
61692	158 156 158 159 192
72451	138
21691	135
55262	247
39684	222
16829	168
9126	181
78103	229 229
18732	183
64584	168
56140	207
41351	135
30465	168
81093	247
9033	179
6401	167
59958	150 179
47829	263
14153	183
83539	230
7935	227
56688	252
2714	177 177
66651	222
78124	130 149
7988	190
32681	193 204
44570	256
5754	152
66001	179
84691	168
61426	137
80467	247
59180	203
49908	175
75801	179
88124	179
77941	175
83321	195
2962	168
87465	135
60063	156
15929	252 263
17190	206
45751	162
60504	209
83319	169
65066	129
1099	204
82675	247
61060	170
13884	263
21453	252
75895	135
67143	168
44676	204
29802	263
16975	187 223 187 186
71466	262
1716	151
44229	241
21566	179
84698	261
68699	179
64474	245
46708	209
75996	190
81363	129
60163	148 152
61344	179
65980	134
28474	235
66546	266 268
48942	229
74448	252
3174	179
13638	179
5323	156 156
82731	263
25163	216
68973	223 128
8654	142
42243	167
84400	179
65622	168
74676	180 168
86204	209 209
22000	152 158 168 205
1345	128 128
31161	247
42373	190
49812	232
33320	128
49665	252 254
28102	128
83255	180
77855	130
1066	271
79021	128
43702	177 177
51167	179
40647	152
8193	277
82255	179
68737	179
39249	179
72934	152
42110	247 220 194 220
63448	247 220 194 220
3655	138
2626	272
62723	137
39102	137 178
8526	168 277
64962	152
73826	247
69786	183
83495	128
55721	180
76127	263
19633	172
5946	233
30658	246
61411	280
71568	130 223 225
56871	168
67906	241
54023	180
82564	180
85779	148
23964	148
80216	134
33224	168
48603	158
9505	128 214
81172	142
84607	206
60287	137
8492	158
87813	152
72304	150
6184	128
59080	191 193 192 193
28790	128
19066	159
84029	158
45865	256
41870	179
35222	209
33186	252
63126	204
16729	152
38882	178
31049	240
78068	232
62316	137
7894	178
43635	137
78672	231
16325	158
60008	256 252 256
61713	272
21864	247
82387	247
80170	252
73608	151
82481	142
6031	152
63629	128 130 128
40790	134
307	209
68320	244
28532	142
72935	158
4994	266
16175	151
78989	128
16414	254
77459	258
64943	131
31490	158
87529	261
8182	172
15598	158
67977	141
6804	210
78886	263
69060	135
9910	256
74584	137 137
33582	179
55359	162
60099	158
67333	247
59647	203
24855	158
48760	247
39164	231
66854	263
50375	229
37799	134
12966	150
8054	207
46179	138
86261	207
88045	222
40472	232
33688	180
42066	180
24969	130
41952	179
9198	180
3997	137
71255	137
66574	193
12278	135
75260	180
27748	179
88326	207
2618	203 215
24658	179
34559	135
12047	247
15410	158
42960	142
41424	180
47529	263 252 263
12152	130
20912	129 129
81588	197
75422	167
55421	134
22850	222 187
14232	179
17334	247
22971	179
14288	142
45907	179
35819	137
80454	209
84733	266
24854	159 241
88074	168
69023	247
47902	191
40093	219
65471	204
37981	128
8006	179
88635	279
79340	252 253 263
37788	168 169 170
1954	135 142 144
37516	142
60156	207
5183	178
39125	164
62584	128
79166	179
43074	263
52086	130
10216	138
6746	179
15076	168
75168	247
49364	152
37172	128
54940	128
6995	128
6187	227
52760	130
9835	178
42284	222
42433	272
11950	263
9181	263
56309	204
22540	151
84558	151
59496	201
41008	151
1509	241
58634	168
32206	179
39689	209
34198	138
64264	694
21409	149
73514	142
50930	215
38185	203
4096	229
40805	142
25105	187
85416	179
29035	168
57172	240
277	144
30495	167
77253	231
65506	168
85725	128 223 225 262
5096	179 179
64491	148 152
23689	227
56372	179
20859	207
40583	183
63486	183
58004	189
24434	190
18704	168
84255	247
63438	227
45775	247
35323	245
58438	209
62467	130
50624	168
63116	158
11517	142
44631	244
38309	181
57662	179
27147	128
11832	142
10361	178
21388	216
40389	247
62988	135
13739	272
51849	130
63146	247 250
47285	134
31359	262
31604	158
4794	130
17342	128 211
77811	279
8743	247
22753	231
3759	209
58829	222
41411	241
43893	179
32548	219
15160	229
65839	150
80483	207
283	130
16794	183
31399	130 128 129
61810	128 130 213 847
39833	256
29823	128
394	193
26644	178
85603	240
6740	150
517	209
47446	255
24196	240
41905	206 206
20037	179
40811	190
79918	209
50815	211
87063	152
2245	217 217
59667	263
11436	142
15925	142
45658	134
52757	691 254
21777	222
84728	193
89103	256
31956	142
60764	231
28797	168
73198	142
19740	179
61613	162
17191	136
29013	135
9080	137
36879	207
76368	180
24117	217
35256	152
30810	178
82307	137
55042	183
49374	183
78557	138
86848	130 168
17673	233
74492	256
54390	189
20763	135
31575	219
63800	135
81416	236
84448	252
58566	191
27858	193
63424	135
86310	179 179
38673	241
311	168
58202	178
77864	232
36286	152
71260	179
24399	183
51954	134
10541	256
81509	222
54044	128
76569	256
9625	241
20413	159
11003	148 152
2988	276
77387	152
71623	247
60882	179
25772	172
12593	247
38150	187
29146	187
30083	247
41715	256
32835	252
6883	222
16387	166
31425	189
37075	178
66654	177
28010	178
84216	141
79738	179
88797	179 198 263 179
19977	244
62417	245
50540	137
88310	183
9091	128
23664	179
62093	209
72007	134
51203	179
81308	240
7741	178 178 180 168
59981	144
76344	247
11215	167
55989	179 179
55525	236
1227	128
83949	231
29326	247
28284	221 252
30841	247 249
50038	134
1718	247
19231	261
22888	219
43043	158
11116	169
57587	137
10412	243
49288	272
33482	151
76200	164
85988	186
52985	247
4716	177
41126	142
44236	142
19775	277
82528	170
33291	135
88970	256
52066	247
70327	252
58686	179
29922	237
74208	207
58963	232
16277	252
87079	179
32443	180
10604	134
71047	168
4305	142
48924	247
73570	263
87798	247
10365	168
5605	247
65384	261 179
82593	128
1050	262
16340	694
10964	235
20898	267 266 269 268
27820	128
12540	235
53940	168
50521	134
35346	245
1714	152
68349	128
29821	142
40746	149
6051	183
41892	186
14140	137 142
22988	263
88490	168
10261	152
67991	179
15202	178
61875	256
56079	204
80864	247
9539	222
39993	252
30229	192
71535	160
30949	134
74647	691
12302	141
45530	128
78272	256
56059	158
32067	231
65720	215
63259	209
26712	180
69377	179
21230	209
53984	170
4	166
58740	179
22154	263
41012	168
33970	181
71629	142 142 144 158
4149	152
87186	179
1841	169
47466	148 181
31262	183
44007	247
4374	192
3812	168
55983	138 142
9182	241
24464	245
45359	137
56027	151 206
20919	246
31097	227
14806	222 222
145	245
65939	252
51267	262
61151	142 135 142 179
55902	225
35258	142
38569	179
5693	180
43268	247
26646	129
12909	168
1060	183
82737	168
45923	179
74447	216
50803	247
81030	247
8735	231
42198	178
78075	231
6600	227
75301	179
9722	141
4940	178
55869	178
33988	135
43399	247
26637	247
37862	229
87879	168
5506	180
7486	227
54685	150
22197	178
22148	178
84115	262
40841	179
85791	128 847
59259	185
5549	262
51485	135
50798	151
49183	134
20095	151
28692	183
76552	172
26365	191
56707	204
40559	134
79678	180
79095	179
51967	263
85146	179
24831	137
88257	206
82963	252
1914	164
41230	245 245
33647	252
80550	229
30983	263
41466	130
40911	134
88902	168
37832	142
88894	168 168 223
31090	135 134 135
63048	247
17245	179
42004	158
60377	135
67813	183
17717	206
79949	256
22646	130
24351	252
601	135 138 142
48330	168 180
16869	221
37986	135
1356	241
23720	262
4982	152
48259	256
31918	207
39669	178
59141	150
75426	168
59013	168 164 168
51008	252
72465	179
42644	142
88274	134
4407	168
78988	262
478	262
68712	262
66695	252
64342	179
11270	177
19070	189
65880	252
76984	252
71426	223
37216	201
22767	179
85051	253
38025	141
74430	847
72753	236
52858	247
86059	209
24305	262
30792	262
48733	227
26798	152
71788	180
27801	222
3300	172
85656	168
35771	148 152
76983	152
29894	691
76195	252
82814	134
58466	207
12367	130
79421	217
44308	184 188
83823	168
63711	152
40566	266 267 269
24436	152
40365	151
48749	178
53290	263
45013	250
16377	240
48075	128
56784	245
1081	227
3704	168
72952	128
33127	229
75954	172
4280	172
10822	168
2369	178
11569	227
51087	262
57610	168
27449	193
85334	209
693	204
49864	135
2819	135 170 138
41361	220
3797	178
19147	134
68779	142
29447	148
28013	128
631	206
56516	206
40230	142
49301	263
23151	152
23912	179
25993	247
33726	204
15894	190
76302	134
60114	262
30212	262
8663	128
5752	227
53534	247
45189	128 224 168 128
52930	168 138 214 169 168
4661	162
59131	152
4939	206
69290	263
4683	135
71749	222
20081	147
72988	147
81836	134
70338	206 229
67818	247
37513	247
42603	186 189
27446	134
52401	178
53661	252
89186	142
18975	222
87867	168
69342	247
51521	231
23351	167 167 168
85480	167
17905	263
25788	250
42993	130 223 130
64724	134
83361	128 130 223
16883	138
49636	222 279
5363	151
15518	206
16242	262
57378	142
88205	222
38060	178
36303	179
58239	261
19264	149
34276	231
39987	134
21214	193 192
17054	252
21535	207
60410	252
59862	263 252 263
873	252 263
39342	152
44108	222
19415	247
52106	179
26629	135
3785	142
86770	178
37551	130
68376	159
77547	238
19186	205
19998	247
9716	247
84072	172
1772	213
75972	163 170 163
30979	179
15868	178
44659	152
32177	180
68942	261
23368	233
1715	168
28244	262
80129	204
78569	167
80782	164
42459	128
2710	256
25102	132
12180	213
88158	244
59984	204
29346	250
21023	137
11610	221
17939	151
33139	283
17100	201
48032	223 252
14264	207
57573	135
56362	134
56793	131
53571	128
4301	179
5697	172
13589	256
47101	179
6037	169
17929	247
7730	266
71073	247
54037	277
30321	240
966	148
20498	209
14598	195
21628	212
63712	179
72270	152
65335	152
39677	134
22256	227
32303	137
58732	136
35398	162
13208	178
56172	177
27575	261
60061	149
52382	192
31838	128
28973	172
27015	128
34329	204
73407	178
32931	241
38426	166
28487	227
88296	256
21949	183 189
71775	691 254
69840	179
45149	168
5151	209
3441	209
12685	148 149
16655	135
2715	152
17875	134
49227	206
68772	200 128 200
59441	128
18603	149
29418	247
67980	256
54947	186 187 186 223
69088	172
19350	150
25662	215
12715	204
30884	186 184 186 223
74094	229
39068	247
70420	203
89127	128
79866	263
62991	277
28890	178
44415	187
44104	206
71577	179
70458	189
73840	189
41910	243
29599	168
68807	247
80152	271 273 272
69789	250
47021	223
32057	232
35692	142
50141	247
79821	179
78851	231
79746	166
17550	152
45020	138
51664	138
35582	158 142 158 167 168 183 188 190 191 217 229 129
36782	168 159 168 169 170 179
1308	178
11420	170
74893	179
75439	276 128
17243	128
27630	178
53756	167
5072	691
68937	179
21290	168
24188	168
7402	247
38225	142
33821	141
18958	170
72505	128
15250	128
55137	247
30892	179 179 214
1262	172
32246	247
4951	262
86389	277
44586	135
77039	247
15115	224
65680	179
49035	847 128 129 130 847 225
52928	242
35698	135
82188	168
29206	168
26556	168
61143	141
38728	138 142
50182	137
5359	203
9804	234
81098	192
22852	191
66313	220
88350	177
406	158
78309	152
37690	262
10056	219
5341	142
35706	130 130 200 224 284 128 132 168 223 227 282 283
12129	136
78058	149
29462	140 168 179
3287	144
39514	244
17571	241
28581	207
87317	229
59497	261
28861	152
58356	135
35598	235
60257	247
39197	229
15562	247 222
65886	206 128 206 207
41301	205
55188	262
41626	150 152
39178	206
49719	207
76278	262
31485	168
23545	134
27604	128
58753	178
57888	219
47528	247
13856	212
80277	192
55489	178
52153	186
76084	183
63336	240
17834	215
87891	183
71375	215
6262	247 167
62343	215
9056	229 168 229
58033	177
37563	183
9343	177
69752	247
61226	168
76891	134 181
68168	263
36974	137
44978	151
46696	134 134 147 272
21971	245
29841	263
11292	209
67397	172
48288	168
9777	179
64879	244
60064	172
19685	266
71624	178
14310	158
47492	179
6994	191 223 191
41763	178
24384	158
85358	152
7174	141
82267	134
25858	134
81652	247
87271	263
31931	179
56683	179
53584	137
64381	178
79260	179
8551	134
79094	168 206
8005	160
24214	262
69728	240
5355	219
50443	178
27309	138
30177	227
83579	128
64204	189
24728	142
2081	172
55840	167
47696	168
9473	223
2160	168
62510	168
36794	166
42600	256
23483	186
590	263
65136	163 166 279 168 222
51459	209
85601	151
27704	130
22498	138
13568	167 168
20034	179
29034	168
87188	240 240
51366	235
73743	252 263 252
10290	179
32295	152
19720	263
79428	134
58017	130
34677	178
39149	134
27497	134
69793	134
8362	134
74436	134
66562	179
83288	222
7007	280
57242	128
38192	154
23596	222
65392	209
42251	256
81921	241
16416	130
37408	135
66885	168
16208	134
51061	134
50009	130
13141	135
44061	695
79939	262
28211	262
50825	128
19716	203
48561	204
4646	130
19886	847
56966	135
1672	180
38600	180
5280	128
25901	179
19060	172
64338	130
47588	241 164
2797	134
19144	168 168
31830	240
49509	128
53729	691
417	152
5198	135
20330	128
75043	180
5725	204
39433	244
66322	189
78247	262 263
17477	222
4609	142
335	168
49933	253 256
59795	175
80032	172
39124	177
65203	179 161 179
45108	168
50609	168 170 227
16494	151
53271	172
22018	128 129
18657	128
60462	262
72767	177 177
57518	241
78235	179
55877	128
6527	178
3198	137
84358	224
60821	135
8060	172
40871	128
56418	263 222 263
37716	263
55470	168 168 168
59464	247
371	183 207
1309	179
65297	150
26228	252 691
48151	263 263
57876	128
41937	204
79357	135
79323	152
61417	247 247
37481	135
21405	247
31743	201
32687	142
34686	170 179
57686	232
44654	134
38126	277
28780	141
16250	129
38891	128
37028	138
26823	172
66541	183
31165	172
73676	180
12580	135
11542	262
1539	151
86642	245
23197	179
67573	178
14505	206
52644	148 152
49943	178
10101	209
30803	262
21198	245
80064	206
28654	137
74153	168
43681	134
48218	168
4548	159
76472	247
75223	142
77427	148 152
54533	168
35339	247
28321	168
33243	247
12827	128
82013	261
70986	263
76318	158
80866	263
58601	168
51356	266
41239	168
71394	130
83894	179
43513	227
20454	207
8282	152 246
73484	152
51158	209
87176	142 181
70648	212
77063	137
49954	137
80353	137
61950	137
88110	247
5300	691
61605	178
77533	168 164
34375	168
1717	168
38314	167
132	167
87747	167
71331	201
26608	142
14555	167
32242	151
79752	168
71538	142
25913	216
41843	177
15717	247
36148	167
35636	148 152
27636	134
28959	169 179
32417	247
88767	167
67914	138
88107	168
58672	167
48482	233
69466	168
49074	168
32024	266
71276	167
12881	167
40703	221
21462	179
39953	178
37624	177
39161	222
75510	691
18802	691 254 262 216 252 254 262 691
18457	183 183 184
68143	159
33250	179
59169	130
12289	219
51730	193 193 130 139 186 188 189 190 191 192 194 195 223
34420	209
82311	263
50879	168
16992	179 168 179
73204	247
25551	272 168 169
71814	178
27177	152
36734	227 229
20047	158
48037	163
74252	167
62349	209
41491	134
42743	154
36015	134
42547	691
14840	206
84840	229
59570	128 168 128
7977	150
86004	279 280
82131	180
42175	691
64743	235
18705	219
80688	189
7719	134
71584	183
70730	178
15387	150
12569	128
53918	256
39098	138
51284	138
18438	204 207
72267	222
23063	142
50168	277
40022	147
58486	135
3849	166
79308	193
47388	179
15053	135
84833	245
69586	179
38808	168 168 262 170
33259	215
68273	179
69500	172
1022	245 240 247
11127	263
80229	178
85132	158
35117	140
61107	179
5057	180
35120	159
65641	180
2872	222
79539	222
21356	256
54778	232
49694	148 152
68758	128 168
23014	142 137 142
64868	158
60408	277
4745	245
72724	252
77961	179
73590	150
88229	236
8448	183
44225	168
66141	263
16527	163
60491	179 229
23598	172
49519	179
63405	130 170 211
35434	134
60396	247
49272	263
55289	168
11677	193
27183	247
35094	158
61183	247
24467	158
67214	153
62464	152
12809	135
80004	134
78695	164
28683	168
69685	158
30888	168
39873	231 231
8559	209
5252	247
73138	168
1998	168
12434	236
79148	134
65225	179
48209	179
57969	128
49659	154
60794	236
33723	138
33773	152
88609	135
85653	227
84128	135
4859	179
10648	247
24554	169
80453	149 152
47583	142
67072	179
1696	256
42267	254
68485	172
1328	262
40584	247
21927	142
70846	137
74615	207
33479	128
38927	134
22734	152
2009	284
5158	159
86268	247 247 247
12249	149
53635	179
23918	209
51982	209
46784	209
54848	209
47861	147
40906	135
62077	135
55587	142
87219	262
66044	217 220 230 232
51237	247
41107	134
17429	203
26640	128
43760	189
43591	222 255 222
38477	227
10670	138
83985	142
24322	168
61573	263
56886	262
75072	142
19867	135
33129	209
76974	164
77918	179
85208	247
24071	243
27795	244
4987	148
28259	163 158
42700	179
81847	134
67874	128 277
46414	168
24666	134
54942	183
56721	183
36679	158
22527	262
72763	204
2247	179
5823	252
12055	277
48008	168 168 210
36088	158
57248	151
49639	247
78394	180
75265	169
43111	252
65196	168 203 204 179
46565	247
54682	168 169 170
24601	168
39437	137 158 168 170 194 168
23827	169 170 138 140 209
16666	170 227 168
63250	138 168
37659	138 168 283
38709	167 170 197 223 267 271
46206	168 206 271
78398	169 214 168 170
10452	227
48950	170
11819	140 142 168
54326	158 170
88463	156 168 170 172
63955	138 168 170
10148	168 166 168 172
5734	158 166 167 168 169 197 266 272 280
30955	158 227
88453	128 130
57178	138 156 168
76097	166 168
15890	170
20490	138 163 229 170
85555	283 170
72857	166 158 168 170 223
10417	227 158 167 168 170 192
18895	128 134 168 170 272 273
47095	158 193 223 266 267 268 269
55792	170
59635	166 168 169 170
88372	207 205 206
83496	168 169 170 172
36762	168 169 170
19580	223
49053	170 283
74139	158 168 215 279 223 227 229 247 209 266
22349	168
74239	168 138
2737	168 192 227 229 252 266 279 847 158
51223	170
82057	134 168 170 271 272 273
54301	138 142 168 229
13746	128 158
65177	168
5446	138 156 163 168
57080	130 132 158 168 170 213 252
59658	158 223
88263	168 170
72060	138 168 170 204 223
53146	169 170
36002	168 168
46646	140 141 152 168 169
67248	128 168 172 279 222
73843	160 170 172
52652	128 168 170 269
65165	134 168 179 272
3478	168
37765	161 204
13260	170 227
24115	158 227 229 266 267 268 269
20489	128
82058	158 168 170 172 227
72838	170 223
18059	204
56771	156 168 169 170
4061	168
13347	158 168 170 223
76708	140 156 170
87001	138 168 170
88746	164 168
47525	168
46564	162 223 252 254 263 691
70772	138 170
10545	231
64646	130 131 847 168 170 227
11393	168
30035	138 170 247
45208	247
17010	260
69177	134
49254	168
48734	168
23765	168
71362	168
88749	168
17567	168
22379	128
17900	128 129
43226	253 221 691 225 252 262 847 128 223 227
41364	144
26315	168
19300	166 156 227 170
40498	154 154 169
74154	161
40625	128
44451	158
60962	147
32981	177 177
40519	204
84441	134
36624	142
3225	244
83920	256
52970	178
13575	150
53870	135
14697	148
33181	148
66951	178
64455	179
24326	183
36765	183
69678	193 192
36651	266
56810	206 206 271
11801	142
65366	255
25074	172
27786	180
63846	247
54298	128 130 128
12946	268
62315	168
19369	168
54168	206
56268	247
60717	207
79862	247
52716	129
64845	247
39887	168
36574	168
22147	263 262 263
81010	263
35077	233
26449	168
33641	229 266
82165	266
84266	134
48564	183
80164	183
87030	256
85499	137 142
77181	137 142
38843	247
86865	209
51853	130
14051	181 181 152
43238	173
46827	152
60783	154
10070	247
70677	135 134 135
57245	137
6436	227
18741	138
84948	691 254
53437	167
69519	167
60292	247
53763	134
86124	172
54635	134
40279	172
49422	139
67480	135 134 135
33566	167
45864	134
23427	130
10487	262
38943	262
27063	135
63060	180
76554	177
19333	209
77182	168
41658	179
86300	207
12453	183
8999	183
58535	233
66533	179
46268	168
6139	142
35326	252
59503	179
88069	172
12448	130 128 129 130 131 847 223 247
9837	271
5367	130
87840	247
43511	138 179
40324	223 225
82756	213
29457	166
46551	166
59178	168
49725	237
48425	152
15957	140
63395	135
45003	280
72658	158
43692	247
16107	148
28313	177
59154	266
80658	219
33601	158
55119	240
56809	128
31075	128
46399	128
58602	168
37000	244
73845	152
18648	231
51916	168
41430	166
11729	151
69773	245
58780	222
27839	142 137 142
44573	137 142
3414	180
27559	130
36479	263
8672	256
84348	256
6988	240
84410	227
16791	262
63088	138
46744	277
85797	256
4167	168
16910	179
48471	147
79924	178
73949	262
29692	256
51820	252 260 263
24438	179
29843	277
65371	179
86527	179
61116	204
29275	135 142 135
23029	135 135 142
5140	128
68319	219
86793	180 180
81096	128
2522	207
8774	263
78746	178 275
87066	179
82289	151
29960	134
30674	209
81931	209
26145	263
8140	142 135 142
3778	201
17923	691
82174	691 254
16663	134
24336	250
27030	204
53364	128
10146	243
46350	187
20723	147 147
5209	241
52947	161 179
9623	197
45509	149
49062	128
16413	222 222
43710	158
50901	179
24151	179
57160	206
9411	172
74174	222
12329	173
32226	149
35190	253
47629	178
83084	222
41897	256
61253	179
40540	179 277
39637	148
50191	168
27133	247
15561	255
40707	168
57757	179
51428	271 272
49599	691 254 262
15251	230
60212	167
24144	168
60594	142
88606	149
7110	142
55911	135
62158	158
24255	203
214	138
553	179
45648	266
78449	266
30675	253
69135	168
35328	180
76513	162 252 258 221 262
60981	222
85003	168
78595	161
29863	204
33472	179
72944	137
7721	134
71880	256
27829	137
28696	152
63401	152
21904	152
78249	263
64596	266
45232	252
62568	178
28911	179
12171	252
60497	179
9349	262
5141	179
29777	179
72181	168
37875	211
19362	206
74918	128
2994	219
63422	137 151
32748	262
44536	245
23477	152
23548	263 263
49020	142
23159	180 168 179
18911	204
50335	138
14919	187
24567	247
20076	209
38998	227
81073	179
56128	139
5515	130
5685	178
2071	178
75049	154
79655	209
49375	152
84070	150
34189	179
38942	149
10000	134
56986	134
36031	134
3987	134 134 147 272 273
11940	134
67342	134
33014	134
64889	134
69191	134
58692	134 147 272 273
81714	179
19331	241
36113	252
79586	209
31160	178
82379	138
24474	192
3331	178
7738	135 134 135
5127	137
51173	151
50002	178
85173	252
64349	179
69140	261
39822	158
23670	193 192
50646	240 245 247
44820	166
32169	179
29163	158
62038	179 179
44848	209
30774	241
11012	128
30040	209
37882	179
52009	188
46927	247
28839	128
12875	179
41679	247
33359	271
13463	263
22362	222
14092	191
26427	191
21092	134
43659	222
50876	168
83160	247
24133	128
42728	247
66726	130 128
13659	237
51394	245
50353	135
59826	179
69295	137
80355	185
20056	168
82581	141
41995	179
88361	201
78107	179 168 179 180
63461	128
36380	189
44263	263
67502	172
31009	156
25394	211
55429	178
51141	168
75695	130
34999	181
9348	128
21038	183
7907	255
39872	170
25969	204
86730	137 137 142 168
11065	135
14872	134 147 272
54579	168
47793	207
41753	247
83587	229
62639	233
58721	233
29772	128
14568	247
70676	150
18478	232
38109	156
65872	206
74394	154
14524	240
54481	179
22131	142
550	128
4916	252
46159	181
2646	201
62287	134
23269	247 222
62408	236
42820	252
50427	130
14431	262
35509	179
5119	247
32162	178
30527	219 223
1363	262
21074	168
19371	153
40145	128
56051	150
55441	150 150
86800	179
24396	137
47778	166
54576	247
78516	179
51728	229
19586	193
2394	178
15838	266
41264	211
46519	142
22028	168
64716	128
83243	221
19883	130 197
57433	134
72938	172
81235	130
47519	135
35022	180
39416	168
20832	240
61942	206
53820	240
60216	211 211
79219	137 142
78798	209
34605	179
30753	129
63357	209
22499	236
86108	172
5105	137 151
84198	172
62619	229
4870	227
74822	232
28329	227 226 223 222
65456	168
29365	150
35107	209
23981	250
38278	209
39457	131
74952	263 263 263
66474	252 256
9553	247
48397	263
57951	247
18531	168 225 229
34459	178
49191	152
30528	188 188
28755	203 207
60984	128
64419	131
62770	222
20953	209
63598	219
4346	262
6580	147 134 181 147
31524	179
41771	177
1028	168
48321	135
37521	229
81190	175
26669	148 152
80581	211
27146	215
330	128
49231	134
31424	209
86827	151
51186	179
3438	148
33154	149
48594	179
68691	168
66918	191
47530	128
2371	134
56349	142
38914	147
87291	130 128 130 847
28601	266 223 266 267 269
57478	235
35620	195
72546	187
61329	139
33863	159 162
14793	189
84541	203 204
81100	263 252 220 263
32416	159 249
31993	209
50364	179
43967	168 168 172
29488	178
59428	128
32172	134 134 147 272
3771	190
39680	167
35269	150 168 152 150
2915	172
22708	201
34769	183
64512	135
83136	209
63062	186
27404	140
45126	201
42201	252
4052	164
31961	168
21312	128
20737	209
83034	158
69058	164
33666	204 168 204 207
35033	236
76006	178
39367	166
59802	189
46312	178
73663	151
7024	179
34127	141
65651	209 245
26846	168
74381	256
51221	240
39244	134
39711	162
32580	221
72985	178
26080	135
72094	180 180
73347	130 168
82065	169 209
1190	280
46710	134
60931	151
2686	254 189
51804	243
7792	263
3897	180
6630	227
7531	227 223 227
31354	168
27912	168
65131	137
87637	137
76791	135
81128	128 129 128
44477	128 284
24359	179
56058	152 246 152
54988	244
53260	691
49685	175
35601	177
49513	189
28909	128 129
32970	168 214 223
21637	130 130
47468	128
25201	211 213
107	262
48938	179
60033	222
80326	257
73519	142
46113	183 207
8897	152
55113	180
78995	222
14933	253 262
67082	130
33720	168
4701	247
49250	135 134 135
79737	135 142 135 142
34282	158
12568	180
4880	130
5607	134
32871	128
88830	209
78260	158
44196	128
10784	206
13605	137
40732	247
52915	150
1711	179
41334	142
57619	180
32900	150
76497	244
68797	179
76714	180
28623	233
17935	181
35490	245
42327	128
85892	178
17135	135
5161	192
52792	128
63016	128
62086	135
54098	240
14279	204
48532	201
15114	181
44425	169 220
16454	158
63813	142
24677	137
79714	178
41514	156
67988	179
70371	130
66720	152
87530	128
87272	189
9662	138
84942	135
55992	175
68856	247
10430	135
34423	141
77358	241
7266	152
74760	231
54453	262
23263	204 204 168
19395	169 283
4766	164
34272	179
12524	128
21501	247
46187	236
42287	178
53510	247
55347	204
43861	227
10234	227
42263	183
16440	247 220 194 220
45820	194 220
74357	247 220 194 220
50605	177
75061	252
20276	230
78845	206
25569	220
65354	168
14171	209
67128	266
59050	244
29032	263
83521	135
35188	252
45253	191
73749	152
20204	263
72801	179 168 179
32810	266
79369	129
72574	254 262
74045	189
74018	227
67620	207
17256	152
35199	152
64985	134 147 272
81058	179
49828	247
60928	168 223 139
52433	263
76901	179
53836	256
53645	190
17629	172
17582	243
68116	168
81902	179
1255	263
42864	262
71367	206
67113	137
51868	137
40052	217 247
78232	151
32841	178
11183	283
69424	256
50399	247
8141	209
74878	227 128 130 131 158 223
15389	152
12638	180
21679	262
15826	150
1636	172
6706	233
33977	206
64737	247
22667	247
20487	142
72604	168
60897	207 168 170 205 206 207
22828	166
14211	179
16766	179
26992	128
15802	247
52270	147
1093	164 179
49257	190
23785	178
60547	172
86881	137 179 137 179
66913	137
75935	137
87808	152
83406	148
77998	148
80535	141
13151	179
4934	152
9170	158
8643	222
9395	142
58784	168
82541	168 172
15052	268
72479	191
82467	256
45722	234
23820	149
11174	183
82542	168
15618	137 142
52416	178
69410	148 152
71474	189
69263	222
6008	178
85441	179
89176	847
68875	179
32798	179
5589	153
88384	128
74601	128
32870	178
66130	149
77592	150
46820	130
46637	135
25861	142
87134	135
24405	261 261 262
38778	179
15849	131
66202	224
39027	159
17586	177
47610	134
6615	179
21182	180
20241	159 167 168 169 170 180
70321	204
7868	219
65229	207 215
56257	223
118	193
9031	137
77053	152
35421	142
56608	179
82713	188 188
89059	151 137 151
15673	191
20634	148 152
47761	167
73617	179
9143	252
35419	129
13853	149
83717	128
59096	135
83391	151 153
33365	203
22287	222
53701	130
5163	168
48691	179
75467	168
75291	247
9994	247
62515	142
31980	170
35422	180
55270	168 179 180 224 245
17111	235
54859	263
75066	167
20202	209
62692	221
14564	179
29395	252 237
63491	252
29521	263
23144	135
8600	243
47373	238
57241	189
25256	140 178
26224	179
82370	252
25829	128
67766	252
46007	263
67532	241
27468	149
40561	128 284 847
74906	179
41736	204
29006	137 137
30105	206
65785	128
52900	186
12559	172
33602	256 256
38404	135
68403	178
84802	148
73141	168
11725	167
57767	180
26187	158
70091	128
4387	152
44252	130
39245	215
56193	128
85898	168 168
81226	222
54337	128 206 223 847
13602	847
11530	180
60297	128
55407	222
76334	167
40592	211
35334	179 180 247
32265	130
9287	179
34892	231
8456	172
22638	130 273 847
58543	179
44297	137 177
12554	252 263
64575	174
10794	128 128
43700	222
19042	221
21801	158 158
40251	130
65330	140
73564	179
29524	168
23431	179
88192	178
22805	247
78809	204
24380	252
79417	209
74421	179
50811	229
59283	135
235	168
71690	178
6123	134
76519	134
2389	152
15533	247
20541	189
55090	847
50857	188 188
46496	140
2747	189
60383	130
23249	179
26618	179
67608	152
61720	847
86149	260
75240	193 194 168 184 193
54941	148 152
12161	262
88385	137
42564	159
24635	135
54777	229
23626	189
77680	134
17360	183
21048	168
48167	241
40310	128
38587	130
16720	149 200
57651	152
20404	209
26118	166
63091	209
9677	179 277
80150	231
70818	166
58643	179
3202	179
73983	152
28676	152
30698	272
86981	232
87019	166
58694	252
24368	129
51561	204
24807	243
83833	253
50143	263
14986	177
8709	128
59993	261
50703	261
35571	158
33510	142
29523	247
31513	178
11461	191 188
68064	162
44891	158
11756	135
48230	253
14031	235
75997	151
43056	178
20812	229
53282	247
32321	247
83093	188 188 188 188
23831	188
13331	167
8618	247
69247	128
62018	152
41826	247
23733	137
29693	179
18559	263
18651	181
50911	179 240
44010	177
61580	179
22609	230
893	179
42062	178
69020	179
1712	247
2474	156
34137	168
19665	158
85250	152
5245	128 128
32149	134
55304	178
5136	178
4682	197
41900	247
78231	222
10245	152
71036	247
71930	168 167 168 179
71606	179
45401	186
11632	180
57	130 128 129 129
13655	242
4393	187 222
66087	128
72035	262
17725	152
48095	137 142
10951	177
87544	148
79579	168
9564	153
28430	137
53287	134 272 134
29155	240
87177	188 189
69734	227
67942	237
49574	187
59249	179
81414	130
39730	263
78003	256
53496	128 128 130
1985	134 134 139
491	168
74189	137
61400	179 180
39303	172
48239	130
74966	254 262
82716	139 221 225 247 252 262
12891	168
1890	215
86994	167
36485	247
68452	131
21257	142
67892	216
87251	227
36828	179
32990	128
32746	247
625	168
49362	168
13495	135
57236	134
56983	252
69413	247
50571	211
85886	143
68394	206
22415	252
64733	263
83153	245
82229	134
33599	152
14451	152
21924	179
66424	229 229
65418	263
37397	240
60239	168
54240	230 233 247
31734	154
57401	177
37140	247
83558	240
81353	246
65080	256
26708	193
39104	128
51248	134
50045	179
80159	134
4171	209
36507	247
9011	128
18164	179
54382	247
7120	158
29138	252 256
87000	256
67852	256
30374	255
30450	128 128 130
72219	128
28104	201
12068	256
31382	277
37975	247
1832	232
47194	284
7605	177
59555	134 134
84203	209
81337	263 263
70801	130
2320	179
18527	179
18310	167
40221	130 224
21627	169
81162	256
39726	179
4732	179
3836	189
45653	209
76752	179
10627	168 168
81020	190
84650	193
3058	168
46117	168
23640	204 204
3192	179
39956	175
75056	179
50810	247
30754	168
25397	179
55014	247
26210	180
54818	189
773	212
34671	262
29027	222
69122	187
26986	207
21729	178
61460	243
72344	212
73143	250
72733	179
9945	262
26322	180
42409	129 130
60729	135 142 135 137
20821	168 172
58218	221 252
1379	137
66910	212
56118	217 217
65134	279
2504	134
58344	183
31295	137
61389	128 129 130 128
31687	178
30906	187
36386	158
70438	252
55436	128
85086	148
66224	134
46162	263
48108	263
71406	128 128 130 179
47326	206
69146	263
4234	168
51414	166
79251	158 149 152 158
34090	168
25435	168
70720	167
23461	179
40127	142
65548	142
53690	204
42604	179
82207	180
47415	207
73252	263
27880	227
88995	222
56915	179
9895	152
63718	247
25699	128
61740	247
56862	179
15349	178
10364	187 186 223
27979	130
31364	142
76694	256
63266	262
71214	130 224 130
79546	223
85041	128
21935	168 170
25536	252 256
60130	247 220 194 220
61688	252
76209	168
32213	178
55991	179
79830	135
46366	235
21037	180
37395	197
54420	167
83994	128
44467	247
81007	158
5027	152 179
61697	168
34228	203 168 203
61217	148 140 170
7403	205
73254	261
70998	168 183
27523	137
61838	137
70341	168
78647	263
67225	180
35832	215
55245	152
9601	179
59919	168
1928	129
43292	231
79103	158
88044	847 128 847
28565	148
81257	134
10587	135
56127	263
39200	247
26636	152 141 152 156 231 246
85626	150
73544	150
54694	188
46677	188
33172	134
29729	179
4866	179
35265	141
46347	263
81824	179
78217	252 260 263
17368	179
26227	128 130
67388	181
74606	167
66956	263
37561	179
36825	227
34054	178
20035	128
48859	142
51156	142
87167	142
88482	247
58756	204
60823	256
87420	279
64648	227
84993	135
1008	179
87406	189
21036	172
35756	181
85449	152
71292	204
42271	148 181
2828	161
19868	183
63434	262
72497	261
35367	178
21299	130
77561	236
9597	263
79477	180
81913	252
439	159 164 168 179 159
85032	263
31850	178
69249	130
50118	128
17667	222 222
5029	252 254
33048	209
15308	179
75930	263
36747	215
17595	183
7793	179
2573	179
38588	231
68303	179
26395	244
8936	135
13027	168
44070	158
2928	695
63723	164 179 180
76825	152
74724	178
44198	168
36196	178
70489	215
22661	187
87303	168
45801	172
67703	222
76651	187 186 223 187
84110	140
2326	256
3007	256
35990	207
13243	256
54828	691 254
80714	232
84396	130
14394	255
51679	179
57952	272
69772	187
63518	178
15818	168
35767	135
10770	227 219 227
8115	227 229
38391	226
9354	128 128 130
47844	179
44759	256
57340	256
56437	245
84688	178
41791	181
69757	130
24220	172
52814	177
44832	207
88514	154
27875	247
43761	221
19429	168
55327	140
85394	179
55104	247
54528	166
73930	172
9733	168
44610	192
25146	177
55233	168
22677	209
75545	209
25473	128 130
35787	135 134 135
56843	256
87893	152
15130	158 179
87863	178
17869	168
30960	247
32347	177
32083	179
59552	247
43452	137 151
37068	247
87091	252
2166	164
24032	128
39600	262
74602	262
16446	179
89062	180
74001	193
28948	247
20361	134
84298	201
20080	134
1960	141
36875	181
47291	245 245
40392	167
9834	206
82968	130
4784	137 137 168 179
31503	168
55464	180
79451	263
27810	247
38711	225
45217	217
69409	178
39481	150
55897	241
42858	152
86755	215
12178	152
77975	141
13571	247
32420	168
37278	134
49570	179
45953	241
63482	134
5263	227
81060	178
63965	206
30839	135
21553	170
20687	128
8249	168
17262	187
56532	209
19828	141
25363	128 130 224 128
70476	168 247 137 153 158 178 179
23475	168
39325	193
9921	215
77055	247
59642	135 179
54717	181
54638	135 142
62555	247
29315	262
29454	128 152
65127	158
63396	148
15941	215 226
3321	164
40769	158
657	250
51604	256
65275	169 209
83856	201
46877	166
44712	166
19108	204
69130	128
88857	137
63046	178
25641	204
59145	177
66632	128
79226	178
48524	179
2881	159
70534	209
18419	179
62563	179
56623	247
73140	252
11096	150
30582	129
21771	168
20846	215 215
16636	128
63994	243
88153	142
30842	152
59648	151
71938	206
22507	142
62614	142
57083	135
58741	247
45205	128 129
3068	134
53990	130 280
26258	179
33018	128
27784	209
59006	272
22259	181
65478	144
75722	252 262 263
71877	158
34961	261
10014	161 156
6932	266 136 267 269
12721	169
60738	130 280
59688	193
13340	183
10394	169
26662	209
23643	229
42583	167
58699	227
3917	168 231
42336	134
86171	148
52661	177
11133	250
58813	178
31130	179
63857	247 247
43088	166
83197	152
30855	181
68408	262
61165	168
17976	167
10250	167
75079	167
57820	152
47766	203
57795	247
33220	181
20850	166
79909	168
68187	190 223 190
24212	179
67040	137
83551	135
52663	262
76748	180
17651	128
49611	141
61261	141
66863	135
77248	138
57649	159
66905	247 227
32326	158
48187	227
7242	128 170
63236	237 128 237
9691	168
47568	180
71184	178
55167	231
28916	167
10036	222
25816	236
68082	152
83228	128 128 130 219 223
19476	135
47333	247
85679	229
23275	170
53684	188
27427	141
32740	247
15235	163
43630	240
79672	172
17539	172
11191	207
79531	128 227 128
88999	163 159 158
1533	235
46747	187
77824	190
52055	130
25229	137 159 168
77235	280
29667	189
48688	168
52840	169
56785	129 223
56716	128
64909	179
78882	130 128 129
43082	167
37892	179
23878	128
2612	137
34634	168
48440	179
84208	178
12019	232
61172	128
73129	241
12153	137
25186	137
18952	137
34225	178
84654	179
16025	178
59430	211
67309	177 177
70722	158
15002	168
49774	235
35628	168
87948	178
40783	263
71942	252 263
3714	152
16134	163
41563	180
87264	179
63180	266
88706	204
42406	130
35656	128
8535	192
57673	173
55563	193
82579	186 187
53552	225
83986	179
23900	179
67070	219
19376	170
71024	209
40570	247
86749	215
24572	168
21429	167
83467	222
70179	263
55944	168 179 180
53759	252 256 263
53570	252
52278	247
53140	169
16909	135
28954	178
22380	263
82129	247
67097	186
3497	168
18330	134
64125	227
74118	187
13985	179
61164	130
43945	158
87919	252
4861	186
19138	247
10651	280
17867	178
28133	167
7573	252
8125	172
62082	252 253 263 256
55933	231
83090	134 139
48586	263
12390	168
10171	247
3216	252
43672	263
53281	129
29312	138
43375	180
28622	253
21769	134
61590	128
8524	128
78660	222
69497	128
25416	158
75284	142
65467	192
73023	222 222
47312	193 192
26620	247
72591	179
61262	134
38506	187 219
19764	263
57718	158
81616	137
48780	137
88089	247
39658	180
44863	207
43364	168
12550	187
86319	263
8980	158
33983	158
33164	206
84342	262
72594	163
46819	137
3019	247
40745	168
21334	128 152 128
88058	179
22292	130 128 129
84695	204
10933	222
39225	193
46552	183
10955	183
85149	168
57032	241
32294	201
45680	263
80956	168
36862	209
53668	178
62595	140
69212	263
86157	266
22718	245
31146	263
9747	240
45588	170
42792	158
31813	134
65249	168
8819	168
40772	177
11332	137
11732	168
86940	247
82750	179
11344	222 130 222 255 262
67227	232
13471	262
16384	254
75656	168 207
47297	179
69229	691
80388	161 179
81555	128
11143	204
24333	222
50422	252
30362	158
37919	242
79000	280
62973	154
50853	247
26923	168
37331	152
41884	227
18202	179
33272	262
63281	261
83145	254
6357	261
20887	179
18616	129 237
75571	209
6428	179
4862	180
55004	149
61702	192
22716	169
67454	235
85855	141
49350	193 223 227
9937	135 142 135 142
8207	128
16750	266
32735	167
3415	227
45094	180
9136	168 130 168 215
88952	237
38995	134
60611	183
19122	134
42536	179
35593	170
36343	134
62954	263
6382	256
19780	256
33469	135 144 135
1528	168
86242	154
62787	130
23914	149 206
17591	224
88185	128 130
31637	179
19236	222 158 168 222 279
40228	252 263
84016	168
54183	178
44499	138
76691	134
56615	142
78685	135
67292	141
56981	152
30646	222
16815	220 230
47343	252
49671	262
87712	134
76191	177
2450	207 272 206
39528	172
30996	164
12649	161
9678	143
38847	134
30171	130 128 130
106	168
50596	169
82632	135
7889	253
60309	168
7154	223
73124	183
43124	252
80013	263
54066	233
59911	189
63951	128
13077	168
9233	163
11232	158
45244	128
52050	247
21011	134
28907	261 168 179 225 261
32982	179
38529	193
75086	179
61306	135
11150	254
8687	142
75892	179
38407	263
65419	283
35945	148
88958	254 262
24215	152
74568	178
82841	142
30093	137
84364	128
17162	247
32689	152
38024	262
72584	206
1775	134
57811	168
17018	209
33987	168
80224	227
19652	229
22313	222
81219	263
14429	168
22350	206
77107	263
78296	229
19146	247
56198	271
86756	222
37425	227
64944	141
3634	128 847 128 847
35660	250
19641	142
45178	204
70465	206
71443	267
56792	247
83297	152
36216	128
88620	252
21940	279
11178	206
30273	187
87762	142
84946	150
23618	263
18872	179
51619	252
49798	134
71475	179
88101	142
1107	206
38757	222
79846	168
1349	151
21881	169 170 272 139 168
45862	142
84824	161 179
60443	186
49736	241
5706	135
15874	247
42400	172
42755	192
44679	209 166 168
83043	207
17107	247
50704	134
411	204
6799	240
64630	247
43361	168
945	168
10851	227
43278	263
28542	211 223 211
27035	229
84513	207
36997	218
20790	247
69722	232 247 247
49763	168 170 262 266
23344	247
8763	134
37268	179
47035	206
42486	134
7462	152
22550	229
73210	137 141
14087	166 227
87286	266
54459	148 152
22843	244 244
25218	179
7449	207
21942	256
53583	128 219 223
74400	252
24990	240
82017	128 206
59008	190 223
26421	222
75392	142
35769	262
45395	242
82751	242
21837	180
72905	169
48789	219
8956	180
13084	204 694
52790	128
8276	164 164
14242	164
34764	233
19097	247
40185	204
39520	189
64712	168
84080	178
36354	130
37852	220 263 194 220
67625	167
51085	204 161
14548	135 135
8931	204
84896	189
12045	142
34679	256
46954	247
81550	134
32437	135
76057	140
43581	135
15920	243
69885	167
20087	138
60106	142
70202	179
54316	220 194 220
66002	149
44351	209
45735	152
6443	247
88217	130
40025	151
41831	141
72309	179
65725	128
8377	137 178
33607	252 691 254 252 254
10686	152
20347	130
42115	158
55389	256
42776	227
2416	179
19847	168
31244	179
57807	134
15629	276
54512	179
16508	137
34648	168
87356	212
15211	136 158
81117	168
57547	221 252
5670	164
49562	178
21208	128
38745	135
54632	263
7811	179
31818	137
75851	168
79624	235
51717	256
61363	179
64541	256
71513	128
70506	252 263
15021	167
68153	151
16061	134
46893	263 263
25528	179
50371	134
11843	168
38140	183
14550	150
74597	158
647	244
18512	247
20342	138
60640	168
25610	209
84621	206
44360	847
83002	229
84570	277
73150	177
15565	189
81733	153
50806	153
6375	135
71812	209
46444	201
69355	166
21164	166 168 209
88700	209
6611	256
17716	241
16003	138
17857	191 191 262
20636	134
75110	186
23710	128
30130	135 134 135
56848	223
23089	272
17251	207
36410	219 187 222
28705	266
24840	158
8677	181
35243	207
1609	163
86511	168
36798	222
43920	247 247
52749	233
648	222
71328	247
41011	178
25590	128
41131	261
52164	168
65906	247
30242	150
87568	144
57122	229 130 158 223
33940	229 128 223 172
60425	252
31780	222
58337	135
54985	183
33052	211
15953	247
5717	190 223
67731	256
60171	168
76813	247
11930	179
65858	179
2007	148
9183	227
57978	219 219 227
86442	158
27477	241
68614	209
86946	284
81932	217
29229	168 168 252 256 258
47045	244
12774	244
55123	150
61987	140
59133	247
78953	209
81891	142
5416	135 134 135
29660	135
46400	207 223 206 207
55860	201
30441	179
76805	183
65921	134
59515	207
68823	168
51255	215
73864	227
38250	179 179
84326	130
3288	178
37937	178
64653	247 223 128 222 222
81312	227
59242	261
24158	128 198
59962	135
67711	142
75116	256
54005	179
62482	209
85802	137
66874	168
37109	135
19334	152
20563	181
44105	277 276 276
52473	135
40626	180
20550	130 168 267
35987	201
61978	189
29077	211
56474	135
33989	266
16936	148
86783	153
64849	130
88644	247
53854	179
68832	183
84142	168
33888	235
34382	158 170
56377	166 168 206
59225	158 166 167 168 170 197 223 229 269 279
27686	168 170 227
38332	168 170
46837	168 179 227
13024	166 168 170 227
957	168 168 170 227
19184	156 168 169 170
64920	138 166 170
24983	170 172 223
20210	168 169 170
54129	168 170
19460	168
40637	168 170 227
36207	206
32079	283
6021	169 170 223
51938	158 168 170 227 229
62321	168 227
51726	227 158 227 229 266 267 268 269
23479	166 138 168 170 224
27685	168 159 168 227 229 266 130 158
6986	168 170 180 168
80783	166 168 227
68494	130
57719	129 167 168 227
26874	128 158 170 223
77668	149 227 229 268
47709	168 170 227
42163	130 847 168 170 227
53619	166 168 170 223 227
55779	134
40627	166 138 179 170
47706	227
78981	170
57688	128
73562	226
19767	128 129
48957	184 187
27971	188
52275	144
52103	235
6015	178
12878	137
33791	168
31138	150
23832	179
31472	178
15407	209
82264	179
586	128 168
16933	279
61952	141
66860	207
58938	193
49111	193
28249	130 224
29392	134
66711	179
87965	149
32073	235
35089	179
79065	179
53200	179
86255	252 262
42419	179
73387	172
44549	209
39525	168
20990	236
10429	179
21249	215
29537	179
23576	180
23465	180
61062	227
36625	186 186
76815	247
33092	185
43147	209
82103	135
5811	252
3125	128
580	178
71771	266 129 267 268
87205	128
49372	186
21050	135
37380	168
16825	247
55658	201
36641	180
15657	172
13911	247
42900	142
29751	134
46800	151
56413	128
58057	135 137 138 142 144
17042	257
29890	204
17102	128
39311	169 179 180
73899	148
34250	135
19252	164 168 241
53724	262
43464	233
4869	178
12224	177
49558	141
53222	247 223 152
17580	178
2511	240
73404	179
15027	183
72109	152
75680	170
57179	181
9069	179
30890	179
32052	168
13939	179
10993	262
78758	227
68398	247
72190	247
63329	152
37320	135
62182	168
13907	223
2344	178
37614	154
44726	168
51212	137 142
80663	137
41524	164
46672	168
81017	163 158
74303	236
77334	179 179 161
3041	691 254 262
7341	691 254
65793	691 254
52020	137
25684	134
82218	134
50377	187
78302	134
67825	134
3594	135 134 135
60247	207
16342	177
46576	185
73419	172
4033	180
4274	167
66327	148
58166	167
85068	149
47605	254 266
71239	161 179
1983	262
7991	227
6506	134
19014	178
56697	206 207
8916	147 134 181 147
77638	134
39595	128
30807	142
52791	128
22935	166
58245	227
8236	247
4641	178
25439	179
80200	168
32244	256
29409	128
1595	135
37352	134
11941	250
45304	178
27565	134
27851	253
57301	168
74999	164 166
53781	183
42643	178
10982	267 266 269 268
64090	198
65477	128 129 128
26218	128
11956	181
77504	247
77519	262
36481	148
15955	135
57414	247
35667	263
42977	179
1149	247
49236	183
42416	247
71080	277
43798	178
77989	209
29800	183
61014	236
49965	128
59187	135
34033	167
4438	168
7633	158
68592	243
1514	152
741	135 134 135
84487	128
69075	181
64280	152
66786	134
12423	231
71418	149
56969	140
85462	279
52877	180
72628	178 177
22818	206
67233	184 222 223 262
8437	179
67474	178
72564	134
44838	134 147 272
20483	134
35919	135 134 135
56851	134
52310	134
1245	247
23797	247
63094	153
29429	134
44653	135
40349	179
30311	247
38565	262
88315	130 224
46067	153
28213	209
65305	195
87851	227
75575	152
815	256
2789	222
50476	179
68543	168
20851	138
87015	187
44698	158
77854	128
45535	140
58373	247
88465	166 167 168
59585	130 205 219 223
18553	128 128
36870	242
78209	242
66286	172
74348	149
84125	231
29068	135
35937	272
68084	253
12372	179
3272	128
55578	187
18828	134
33587	179
49383	180
85497	247
59609	247
2903	178
40741	250 250
25221	222
43266	130
37311	134
881	263
76947	263
15547	180
18768	152
20782	128
68287	193
11276	179
83278	247
55706	201
6859	128
38423	207
26834	128
83959	168 170 222 279 280
25052	181
68887	179
55185	153
81683	178 180 177
69236	172
55885	193 194
30897	206
10600	206
59272	263
63384	134
18971	134 134 147 272
85140	134
4707	138 138 142
33830	263
73080	266
6930	247
29569	691
77187	128
25160	237
78941	272
63275	209
21212	252
41299	150
24950	134
55072	128
41938	256
12600	140
1787	135
38501	179
6794	256 256
24088	192
37720	179
4513	222
58588	209
82700	209
19962	134
40688	252 263
6640	137
59737	168
85934	142
84054	243
14044	168
47657	207
84988	266
71512	247
12704	141
89113	135
70012	135
39435	134
65216	215
82437	128
75466	130
45210	263
80305	177
63444	197
44067	262
19758	183
78032	255 237 139 162 223 252 255 692
39137	229 229 262 168
39772	263
3218	283
16812	177
45221	229
55903	178
46571	131
11256	207
37989	212
24582	206
18652	197
69727	168
41919	209
35302	137
14855	137
30589	142
19918	137
64723	152
21578	152
42937	263
48871	209
54911	206
72461	135
7394	180
23549	256
45212	134 147
63533	183
14709	223
24078	130 224
37377	271
4403	128 273
2754	213 130 128
37672	253
28576	168
1191	158
43429	234
16055	130
4967	168
51750	263 263
11626	252 263
14176	263
30014	130 224
6715	222 279
76101	189
51376	138
83502	256
6778	130
52932	253
52419	137
21285	211
66920	222
82990	183
62341	142
38520	242
14904	153
56573	247
75635	250
54505	177
15990	211 168 169 170 211 214 223 227 215
25708	207
70437	178
87476	152
1240	128
63797	209
74715	263 263
3448	129
24534	231
30333	179
79329	149
44423	168
47170	263
35589	137
69531	128
21521	134
69578	263
18127	150
11727	130
46503	147
62196	130
5852	181
78706	179
44427	191
55207	222
45623	168
18409	180
14847	186
38341	180
41665	147
70665	207 207
64016	227
83201	159
10119	158
20320	142
88241	263
75389	151
70075	129
59714	130
31521	180
45773	179
49122	179
7377	217
19353	222
58257	187
81466	280
82462	135
53815	158 158
1907	191
83903	227 226
20208	164
55996	134
48759	222
61482	241
44003	180
36820	183
14335	179
17346	152
43024	170
60181	223
60761	150
78659	277
43869	128 128 847
15712	240
22243	138
3842	256
28068	206
77590	206
7208	179
65945	138
9394	168 167 168 172
11022	179
34987	179
75546	227
26469	213 246
31638	179
73492	179
77501	231
78942	187
79120	130 223 266 267
85710	180
41813	179
29805	168 271 272 273
31608	183
42182	179 277
41420	152
78584	152
50170	241
76254	128
33524	247
84911	247
53581	188
71508	188
73638	179
53828	179
49625	179
38613	193 193
66423	181
61595	128
11152	149 168
58725	149
22524	134
59896	233
88127	201
33938	135
29050	149
38515	235
41748	207
30118	256
84739	209
57814	129
21634	137
80616	254 262
52025	266
3116	138
79983	177
25395	250
55442	148 152
25799	153 181 140 170 153
72579	245 247 247
43694	134
4046	247
37649	178
58077	206
2991	209
5982	179
21455	233
83078	187
53773	253
6812	178
37025	128
74382	247
4172	222 222
52093	222
36988	219
74426	263
14879	166
78281	128
48826	152
74707	128
85869	275
72108	137
61632	137 148
8449	137
44614	137 151
3983	217
65998	213
62946	192
30938	150
50312	175
32751	222
48750	179
66731	128
58966	148 152
87909	153
52561	263
21809	134
2239	177
39760	263 252
19987	209
38123	128
56367	221
40839	263
14152	204
30742	179 179 277
34852	247
75333	227
5278	152
53459	178
60289	179
12443	181
80488	168
78381	263
85841	168
4687	150
79201	258
1662	179
59227	130
34629	128
59228	238
19434	260
27418	128
35366	180
58243	204
27489	247
12679	279
22024	141
13826	186 187
53428	166
86577	128 128
63255	152
60677	214
86167	143
50343	209
36021	170
72640	164
84014	247
38674	152
66884	170
61823	206
49928	245
5528	241
9457	247
81593	178
61968	236
826	179 177
12024	152
70942	141
62581	180
36394	138
63100	178
70151	221
25054	179
68558	168
80490	179
64546	180
38741	178
85121	245
50688	252
61338	180
57192	272
7083	152
52739	222
15271	128 132
38535	219
14108	204
2463	135
8537	135
23523	134
36247	220
73185	168 252 256
35711	279
17337	193
27483	247
17077	168 252 260
86185	252
31546	130
73955	135 140 144 142
30027	134
23403	262
22241	168
63579	178 275
35450	209 169 168 170 209
77062	222 178 184 175 222
7656	179
53642	179
28038	137 151
36956	192
28862	179
66597	203 204
76242	178 177
59410	168
27420	179
12418	128 223
27480	254 262
15327	180
39629	193
70120	188 193
37906	262
1384	254
80608	173
68079	227
37357	178
4653	247
43324	256
38748	172
58891	247
412	261
12879	180
55267	170 238 267
50732	167
32227	179
55532	148 152
2750	147 272 159 164
69603	178
56753	152
52511	247
48203	168
27536	178
50303	204
67361	142 142 247
54048	128
35372	141
42846	141
60913	227
19636	279
1836	247
17481	135
73194	209
30817	134
26958	128 128 219 223
16544	148 152
46851	261
27619	130
52272	252 263
65625	204
86189	279
50229	130
68656	263
52017	193
13294	128
72939	252
14613	180
50164	152
42504	229 225
57636	183
17167	206
47818	232
80458	247
26642	204
64477	245
88061	179
14419	168 207
3009	135
21476	172
18838	152
55627	152
59292	166
81437	128
25591	168
53430	128
80263	256
46438	130
53649	128
3779	141
39409	135 134 135
47615	142
8280	237
48608	178
17464	211
34042	134
507	128
5390	167
4603	136
38671	143
72417	227
50606	250
5663	159 168
48237	222
46956	172
64898	219
47641	179
62273	201
39826	279
9127	128
75076	137
84184	252
83079	149
15438	211
18824	137
79957	245
47342	142
48408	130
46664	225
67536	254 262
1934	222
5219	233
73181	128
46104	204
60525	148
5550	148
72634	254
65314	206
77037	219
68785	128
81048	179
82238	128
65726	241
32691	192
83721	180
65791	206
13251	180
26471	183
15180	168
37622	168
87705	134
83745	128
14617	222
9412	137 137
21131	167
12158	148
52072	152
33622	254 262
32414	209
74081	209
34815	209 209
51910	158 168 158
39570	209
25769	180
18916	247
75742	209
2798	222
77211	178
73270	166
83879	152
28850	168
2475	277
63701	177
89178	178 179
67652	178
85668	168
49660	177
59540	215
43199	215
20160	152
29293	152
72013	229
24249	135
10307	192
77916	166
83364	179
12697	263
3280	166
79234	262
47087	152
59369	272
12895	247
2327	168
43822	244
26083	187
20978	128
29979	138
88255	215
2464	137
47057	240
20393	207
39476	168
65448	168
9426	201
66072	137
7904	168
29384	134
76977	275
87268	189
69127	137
81188	204
37761	142
36453	247
18799	142
69582	168
36842	221
63378	175
18606	130
36608	130
40834	128
68869	209
77820	247
488	261
2240	263
63534	151
29228	178
79914	260
64666	262
8397	168
38696	137
60207	152 159 164
68539	204
7100	179
23726	262
85846	180
48794	252
77543	247
61479	172
60588	240
42665	178
38398	262
49189	158 128 152 158 159
39888	129
31810	128 130 131 222
47980	134
62152	128
18564	172
72091	141
4931	191
29703	128
12965	168
6330	252
3541	168
7878	172
61387	148
41710	207
49090	139 172 280 222
69053	134 134
5424	206
20334	141
39093	179
73699	207
22255	206
14739	256
63614	151
20502	240
50523	192
61138	164 168 164
77142	180
53808	262
10273	244
42857	207
48438	219
43556	137
15648	222
86032	134
40543	179
24121	189
77076	263
78507	148
8628	189
9701	279
34497	135
53048	247
78276	263
5934	158
7799	134
68069	263
11639	135
51014	128
11735	204
17568	168
53380	158
9561	276 847
13805	222
12474	132
1397	179
40423	179
182	128
50848	152
18609	168
7558	172 237
82875	691 254
52655	179
1596	161 168 172 204
57749	263
3555	152
70813	180
55001	263 263 263
15170	128 130 128 130
51501	256
60132	263
72786	168
40657	179
86959	156
61739	232
76238	128
50058	128 211
71611	168
17758	220
27527	158
59768	252
43682	142
17440	166
85406	158
22612	247
45091	179
48687	189 227
21639	128 130 132 128 129
71817	222
58068	183
20378	261
7009	207 166 168 224 283
29187	134
87768	134
33387	134
83663	259
66876	253
55076	150
7068	128
26628	134
87341	128
34895	227
21377	168
33596	219
84213	209
9197	142
2897	179 161 179 179
4294	128
33264	172
37695	141
29330	283
49479	207
73096	245
64544	247
88422	253
46485	252
70657	247
8912	168
48768	256
61953	128
9118	128
37014	276
12944	227
84295	209 168
42075	232
72802	204
67061	134
53273	134 147 272
4455	252 221
36539	130
79922	179
20888	209
28694	134 142
70767	134
32754	179
12421	215
31709	691
49242	215
53436	229
58789	247
70947	179
49030	263
77891	244
50656	253
40597	207 215
11484	130
58306	138 142 279
22943	134 142
87924	206
56014	154
79576	236
46262	245
8040	263
45663	149
66811	179
9399	245
9318	263
82560	150
84399	252
19922	241
32560	168
72981	131
86779	215
85502	149 163
56406	130
39937	179
40398	247
74055	235
4104	158
23929	261
71091	209
15025	262
54477	263
71931	178
61348	179
48660	209
71853	250
67350	201
68600	193
10764	172
12791	179
35318	240
48809	247
56273	256
13175	256
5863	256
10403	256
41608	256
23048	256
31554	256
33567	135
85510	135 134 135
40663	168 170
76475	206
24113	219
62356	134
33881	128
34542	231
31504	147
43863	245
38896	179
75749	262
11681	252 253 262
2656	168
87240	262
67530	263
45690	222
74616	209
47817	232
48156	169 209
40359	247
7204	128
79141	247
87416	152
7715	179
66925	256
79710	168
6682	218
24342	130
5855	179
14877	178
80391	180
43063	135
77871	280
3774	149
27864	247
34481	252 253 260
15786	137
81121	134
6412	244
30464	135
1785	130 128 130 282 284
47663	211
68853	180
11440	247
72744	181 159 164
43723	135
67636	206
19202	179
6583	247
88316	244
54526	217
25934	183 193
57101	256
57337	158
69879	168 168 180
62540	135
44589	137
30685	135
57922	209
48487	128
18948	130
17700	188 190
18622	168
88378	256
5955	179
426	169 271
18565	229
16703	128 847
43484	179 215
69069	135 135 137
74356	252
57214	151
29426	233
20954	134
84323	172
29840	180
51262	691 254
8011	130
63084	245
34590	222
80113	236
7272	134 272 134
45538	183
79190	245
27532	179
10439	232
86113	162
28772	253
82881	177
21470	696
18688	183
34650	204
66744	220
18250	168
13160	137
60635	179 179
69164	130 129 260
6368	178
10343	177
62111	204 204
69828	204
86519	179
57932	247
81247	179
22601	262 262
756	137
68061	178
64995	256
73595	128
56074	179
7434	167
48538	177
54742	178
56933	158
26925	148 181
78491	263
26399	163
25166	247
16300	178
67378	207
29347	223
64781	134
23923	247
35971	135
39243	242
43305	137 151
65180	135
26255	142
19972	135 142
32813	159
9729	260
83795	138
28459	134
26913	162 252 256
67157	179
75915	847
72303	179
46955	128
79037	268
49209	178
62743	179
46086	234
12611	263
67733	135
43778	179
76580	142
43295	179
58973	241
23292	261
68156	151
14621	691 254
30098	168
68604	141
7937	137
49091	134
74980	161 276
74985	262 263
21313	207
21375	178
59745	168 212
50426	179
85005	183
59015	152
51694	256
43629	207 138 206 207
19134	149
21270	137
39295	128
49080	246
14599	222
6642	235
48866	266
70308	179
6644	203 204
10298	222
66482	180
32590	168 168 169 170 180 209 224 227 282
1045	179
66308	262
1709	142
3859	134
81474	183
20209	227
32087	279
48535	204
67121	183
50410	232
1876	137
83452	148
83627	142 142 144 156
70410	179
8863	179
20677	193
45274	204
33624	262
16672	183
79747	149 158 149 240
88331	135
31953	213
65996	209
6926	247
62013	178
49772	229
13743	135
17304	142
25345	142
65941	219
48297	201
10319	166
2740	179
67540	193 204
76844	135
16282	137
59946	252
13715	209
51055	179
77288	252
52811	201
5972	134
22289	247
73004	156 158 232 234
7305	204
52621	277 179
89045	179
30953	168
22659	271
50492	207
11035	129
1895	149 224
45762	178
14409	172
31545	168
88672	179
36064	168
42725	128
15661	187
71886	128 129
79372	137
14189	207
81570	241
47302	212
10818	247
55102	135
22163	694
45427	166
41999	225
72907	192
62034	279 128 130 131 280
44931	259
72232	152
26680	280
21152	179
5937	177
39436	187 187 223
42042	128
21719	158
7731	142
44214	142
21020	247
88245	128
75883	159
88363	204
3942	158
54193	140 141
27838	252 253 254
18808	204
53889	168
55863	240
82249	137
65375	203 207
55537	263 252
19676	247
15708	235
28987	263
68395	263
64430	263
79320	209
18781	247
52058	252
59374	137
6888	227
65511	128
68652	266
74714	263
7518	204
17981	201
71793	180
60013	247
71911	128 138 168 172
18530	187
30200	204
62270	256
78432	206
71644	164
29973	222
6349	223 263
29753	149 154
70452	128
58377	168
21847	179
30255	175
53761	172
35140	142
27900	142
55386	209
2011	179
33502	179
30518	277
63190	204
32134	210
1948	247
20289	245
57593	197 170 200 201
14630	256
85285	179
33088	247
58506	134
63270	179
11495	252
42734	179
22568	168
73022	263
47725	220
15331	134
52491	170 252 263
29860	212
77898	168
83435	231
74559	227
77823	168
62301	209
57376	134
11902	130
54440	229
70388	142
71299	178
42176	134
43328	189
52643	250
46508	129 277
54149	135
4344	207
61349	207
22744	134
7499	162 253 256 256
43093	215
63019	179
56968	224
59575	187
73979	169
78277	187
14722	158
22234	183
68493	179
20099	168 204
37283	137 137
66741	135
73063	207
23421	135
82509	179
64590	207 219
73070	230
59701	130
35244	211
63303	183
30591	168
65144	179
24184	128 847 128 847 130
57697	263
50890	206
16269	185
6916	134
55154	141
26468	245
78779	206
57088	135 142 135
31662	150
44522	179
10692	263
82118	277
80105	128 128
64260	180
76061	130
49305	277
54055	207
2617	231 230
40893	263
61043	128
48920	185
65824	240
15993	128
87959	134 147
79045	180
9137	134
43757	170
28050	134
63502	177
50614	284
40508	128 224
16463	148
28875	181 181 134 272
82651	206
50834	178
59956	128
48507	141
93	134
84957	135 134 135
62536	207
31154	152
78509	179
25492	159
86337	138 179
59230	263
21593	178 177 178 179
41120	188
79339	168
79213	247
70097	168
87047	135
42640	150
4988	179
56384	179
74967	158
60208	277
18786	138 179
6614	179
48479	168
8750	217
81766	223
39035	178
29856	220
73007	691
79342	236
50553	256
79174	193
2444	142
44041	168
53274	227
36843	233
33861	240
39732	691
84282	247
11814	179
34397	131
43668	222 222 692
22972	261
82899	245
35784	215 180
86436	179
888	247
23326	247
33289	188 188 223
55975	168
69565	134
64438	187
14705	847
8466	128
5768	222
35958	252
44377	691
44805	137
38110	168
88468	211
35376	206
87597	134
22189	158
86460	226
71580	223
53368	158
77174	179
58406	183 187
12544	130
55960	277
46881	158
28114	847
47927	179
21946	179
42366	137
85691	137
39938	191
31754	206 205 206 207
47677	158
87933	135
58510	227
31272	168 169
8905	204
39327	222 222
87379	204
45702	223
6477	183 187
2459	247
61986	256
87410	167
7390	206
30524	259
86200	148
88933	691
26353	254 262
34498	691
85939	254 262
11995	691
62135	691
83487	254 262
18125	691
84808	128
65733	183
80518	207
29094	128
62267	128 847
68957	168
46411	237 266
48314	166
60650	256
42825	241
348	252 260
8827	206
56237	134 147
40784	166
14525	179
863	135
41992	128
85980	252 256 263
48585	253 256
28290	168
31420	128
843	190
84217	128 206
46792	201
15796	128 128 130 224
85218	179
27941	167
70333	252 262 263
83736	134
68754	172
42572	247
86654	277
16781	260
25806	250 250
17795	232
16062	217
72652	135
64588	247
59310	223
61186	178
84810	135
50084	128
47776	172
3664	209
74534	128 130
55558	207
42827	180
62289	227
7466	179
28573	179
54886	179
18366	263
22375	180
85650	179
49510	206
4420	252
85505	137
88067	151
25364	137
10339	131
22462	247
81643	256
49379	222
45741	204 168
28721	207
71411	179
39710	158
26607	252 260 262 263
83410	280
37824	254
18788	229
24086	201
6582	206
88594	206
15790	186 187 186 187
4196	227
16600	244
84915	247
28968	183
78123	179
2135	241
41694	135
76590	262
52092	252 262
36525	172
88951	262
84502	236
55139	232
18042	847 128 847
44025	204
86186	137
4329	240
85821	179
80544	137
57489	263
78521	152
55533	247
53821	247
7748	158
88024	247
5767	220 220
67464	178
9357	137
56645	179
38095	134
79649	149
67716	179
78057	247
63427	134
19495	250
55953	180
25051	168
23775	151
2973	231
61896	158
39258	128
71816	179
43570	247
17831	232
57226	186
86569	206
81359	168
56250	167
78242	187 192
18456	168
72854	217 217
75725	128
50126	134
72914	134
61530	168
15332	261
75459	179
79035	266 168 269
83459	279
13787	179
25555	179
85059	168
21676	178 275
48193	162
78726	247
52683	168
43943	193
37271	148
71998	230
15270	167
15685	201
54210	141
4814	247
77114	204
51974	247
32489	691
42819	144
67761	130
40810	179
64926	168
36676	280
51226	128
14004	163
82172	263
16632	138
14472	138 142
49585	128 847
58132	170
48470	135
21277	168
82134	168
23628	227
82519	129
40383	168
20353	128
44554	130
53429	183
42593	190
83851	167
79892	256
45577	128
52076	148 152
85444	168
50167	256
11375	135
66845	256
35142	180
37102	168
65848	189
15286	256
18069	207
7896	206
51843	185
24984	179 179
46706	152
38073	147
42082	128
47594	201
6771	134
33042	227
49916	179
71801	137
25647	152
14843	247
63097	247
59968	263
39712	211
37205	179
10850	252
77367	135
38203	168
88342	138 142
82983	183
3260	158
16548	130
85255	209
38543	172
82231	179
7493	179
2939	179
27639	240
77689	168
29826	189
9247	256
86673	201
85049	179
64077	168
57158	212
53059	134 142
24189	168
24866	138
65415	252 162 252 253 260
5684	252
86912	168
70259	280
83844	130
47956	275
29874	247
20620	158
72823	201
28152	183
14744	219
9728	179
61620	180
79332	247
87415	128
67254	209
52754	261
86777	166
46647	167
53130	128
42346	262
27752	240
79300	247
67997	148 149 150 151 152
47422	203
28187	277
65084	179
40032	277
29600	168
58221	252
65351	204
43537	183
64828	207
55698	149
23278	147
67559	262 252
73112	247
18492	179
55141	152
20205	172
23760	167
34843	262
11506	137
6693	691
12889	179
26424	152
67572	245
66274	284
2090	139
42936	207
20624	223
42490	179
53548	245
44327	247
42706	227
42531	180 180
65976	209
47033	166 206
58039	142 135 142
9063	148 152
36670	252
38369	252 263
31573	256
17034	178
15744	235
72437	207
5835	204
21503	128
49475	149
62052	138
79294	137
15634	179
47362	252 263
31736	204
48952	170
88721	231
5643	180
43837	211
20462	209
6857	227
17756	134
27278	209
25384	254
16824	233
84097	187
18283	247
10758	247
34083	130
72970	130 128 130 847
83814	256
57224	256
68971	168
71892	128 271
75951	247
7184	135
18549	134
51090	209
29994	142
2978	211
85213	207 694
18365	206
71416	169 197
72541	178
15978	256
24169	148
38312	148
29672	263
74512	847 128 130 131 847
63023	152
72661	142
13415	212
11354	178 168 178
71149	177
20862	209
55240	263
23155	142
61843	164 168
39879	227
895	254
8017	142
37288	189
78083	256
77681	128
79228	138
39468	159
47813	280 223
44256	207
48480	204
3528	180
68386	240
58855	150
49644	247
60886	130
48359	168
58604	168
8271	183
4238	179
29584	204
84347	179
9861	212
19504	232
74064	168
86602	129 237
29397	240
70692	150 150
73450	128
30125	227
83280	235
5022	179
60855	128
14888	152
17391	261
77537	185
21030	262
56131	168 222
52950	168
26742	256
73438	691 254
6556	206 207
6701	128
21284	138 138 168
52503	158
42185	178
89050	152
54613	168 184
39346	179
54058	256
4625	691
30235	193
27397	261
24902	219
20632	263
31102	177
30208	181 177 181
52019	137
58032	178
41157	252 263
50032	229
48050	847
52545	231
35225	231
21911	156
68023	175
12672	158
66498	164
53976	252
624	252 256
53630	256
4315	142
27713	247
2807	130 168
66895	252 263
39368	229
11339	277
61535	263
75518	161 179 161 179 204
32641	137
68266	266
57169	179
23405	128
55925	247
44926	179
26723	167
50373	167
60091	691
22435	168
68219	135
17287	179
85955	172
27691	179
62068	229 168 229
68613	167
71691	128
46793	252
34602	256
11653	247
88750	152
77377	179
61883	180
87225	128
80727	138 142
59922	128
32519	263
7396	206
83723	179
53830	263
24665	151
16601	247 247
31612	247
55819	177
77990	168
26098	262
19444	180
31026	266
56410	179 179
65682	166
38869	135
6122	130
5180	283
83117	130 168
68288	256
86066	128 130
3752	263
30422	168
57107	203
39269	180
33229	168 271 272
37857	130
20475	134
35610	128
43842	209
44276	148 152
81754	263 252 263
64218	273
7963	172
52365	204
17005	135
46080	695
85561	183
25375	247
37574	222
73855	168
47457	130 128 130
65328	130 130 166 225 237 262 168
68067	128
59226	168
86193	235
58832	263
588	137 151
31566	247
31906	137 152 160 168
39940	134
35097	128
75365	148
56030	166 227
53408	189
60483	691
14222	149
6287	169
88254	168
47444	189
74628	128
44733	179
69596	247
22792	179 179
35531	247
36289	280
46741	168 204
74518	138
65962	252 262
18996	172
39254	135
62674	128
56310	247
83104	179
58579	158
24327	221
57474	247
22878	128
86715	162
67755	152
61260	172
62322	128 128 130
13771	131
54519	240
55339	129
24363	252
6702	279
67674	130
48635	262
87369	178
11816	128
29321	177
47511	180
2060	128
23099	148 152
35615	206
80914	247
88521	263
12510	172
54923	261
39127	128 129
40945	179
47856	252
87640	134
64423	180
49806	178
68361	134
29577	201
65763	159
56527	206
61431	691
40054	254 262
43637	204
43824	130
16385	137
81765	186
46180	183
44362	192
74898	236
13666	206
3863	250
23896	168
85662	205
39097	203
42355	204
10774	237
20400	229
77192	209
74117	252 253 254 262 691
60308	158
48673	179 161
21019	152
10043	168
49885	245
82928	178
4530	247
51697	142
56942	179
31846	256
59300	128 847
19044	187
63831	135 134 135
68407	158
24031	179
4719	224
2507	169
65347	183
64366	262
78082	247
74857	168
2200	128
53462	201
65367	255
4081	263
42340	247
30408	128
85970	151 193 137 168 193
15726	263
80096	283 169 170
72130	247
38177	247
10231	180
69037	191
9843	128 206
49384	205 207
14413	262
29075	245
37043	158
46805	190
80151	137
78109	130
57988	168
65944	252 262 263
6327	179
27064	209
69992	134
6738	179
48863	148
33909	252
69655	247
38089	163 158
73237	235
5449	256
64627	178
65069	135 142
43950	212
52332	277
79335	204
52207	151
74380	172
61432	235
66451	150 152
34913	179
59565	128
11872	159
28977	137
46470	183 183
6837	168
28488	148
12355	220
54953	223
4663	167
41660	179
19412	266
34116	262
47990	130
10704	130
80183	206
70990	244
75919	137
37155	266
87632	263
3468	128 198
36320	217
44566	247 222
14844	142
44034	138
18376	271
48173	180
39950	168
76289	209
88147	204
33610	247
55131	284 224
26691	241
26239	211
57623	181
34180	178
65259	167
53477	247
41671	271
16469	168
65322	240
70335	254
40516	222
22814	137
54493	142
76786	181
5566	247
28599	229
52855	180
72431	178
30272	250
23239	152
7728	247
61286	180
73239	166
58916	164 179
71948	204
49865	188 193
30755	164
28555	168
33262	247
51759	253
20970	217
72412	178
4845	130 168
54696	188 188 223 247
37335	242
45315	262
21561	261 161 161
12713	247
33698	252
33501	247
6322	159
34666	135
41112	207
61040	262
39855	179
838	179
69194	163
68650	158
27267	161
19654	150
38605	183
62604	135
39735	188
9476	215
2772	178
76013	134
61142	179
15754	179
81206	231
30104	131
34589	204
44162	179
86191	691 254
2446	178
31520	134
81254	137
70861	142
39962	207
728	252
57440	179
77408	205
63753	215
63332	232
81513	279
7954	260 263
41089	206
84242	220
84102	148
39856	135
23867	262
75367	137 138 136 142
48016	178 168 214 178
64123	178
16265	180
85273	203
45556	168
73045	247
22470	128 198
33928	179
47394	180
6295	152
58971	215
53848	256 253
56161	244
24352	134 134 272
37524	134
42696	179
3420	178
44113	195
25326	134
61830	151
11948	209
45451	263
42240	190 190 193
14680	252
3075	691 254
50365	149
80844	217
73674	169
44611	211
57558	188
21244	263
56787	247
62506	130
46965	152
73395	691 254
42330	149
1004	190
67412	847
72471	218
11944	168
47827	167 168
10778	209
77058	164
48420	152
48994	179
50404	141
41027	134
59836	271 272 273 168
17264	695
64309	190
36859	168
19418	178 177
11208	130 280
75925	135
55574	135
33152	179
25334	150
35384	178
62250	245
60866	179
38837	247
74971	134
54257	150
23034	168
23410	134
87092	142
561	178
59420	179
82902	169
46618	158
13352	266
61068	204
18179	168
70344	222
67951	263
38274	256
9451	222 213 222
45340	229
11293	207
62219	179
31603	179
50208	222
12780	263
31618	252
18736	211
50678	179
55737	206
44911	168
67163	135
74635	152
25066	179
37890	179
29659	142
24409	148 152
49815	179
72466	204
17812	179
83244	168 231
72236	247
82192	247
84922	147 147 134
57454	192
37177	263
22521	172
11777	168
22291	189
26459	142
40123	263
43039	152
44722	223
84129	142
341	254
63861	219
45784	241
33972	177
85837	128
14227	135
29913	161
10192	128
1076	151
10973	209 168 169 209
56086	177
7788	232
83739	130
46797	177
82872	158
33099	167
30936	261
33354	272
83808	183
70556	261 262 128 227
60839	253
24580	152 246
54648	152 220
36291	150
79195	128 130
58573	128
72053	266
13001	128 129 129
61782	210
75727	179
56550	247
26094	233
86043	158
15784	211
83538	179
36502	247
24027	164
45637	279
12384	130
2555	222
28505	180
86920	256
13769	263
1660	180
59867	247
49488	229
60669	178
32293	233
86498	135
38022	240
71023	134
47434	134
75670	183
67009	192
67617	192
48074	168
11009	166 279
23224	222
23193	178
78365	168 168
34834	130
27687	261
23299	237
19142	138
14294	236
51737	187
22439	150
20478	172
12905	128
13363	180
10991	129 129 213 223
16927	207
81059	128
29105	204
25823	152
18504	179
46964	179
19602	206 205 206 223 172 204
47713	179
37055	168
77354	178 177 177
52572	205
54714	212
84827	204
23750	128 276
84422	204
54269	197
43984	277
30199	183
85929	178
46323	252
8442	247
45528	135 138 141 142 144 154
52309	216
6215	168
69990	206
63535	247
39373	158
5744	178
8079	179
28761	149
36719	204
16033	245
29764	263
87522	179 179 161
41223	149
87181	134
79119	159 168
4408	158
50696	172
85194	247
5487	168
83562	212
26789	183
50594	137
46310	172
72937	172
17207	172
23456	172
3912	172
318	172
25082	172
88869	172
16289	172
1822	172
31684	172
21413	168
24714	183
75092	277
32015	130
61494	206
75963	150
3123	222
6487	138 142
1373	691 254
32225	266
26376	158
48043	207
59434	179
86831	261
68223	138
58465	247
65222	147
48231	152
68939	186 186 223
3525	134
69294	209 209
61660	209
16276	130
13229	128 199
45375	134
3206	221
37094	152
7607	158
50823	231
56169	168
59014	142
78748	247
88262	168
11599	260
49652	161
55969	169 209
20419	247
87351	188
51210	247
76715	279
36626	263
33443	277
10283	244
17956	252
40572	168
47855	227
88664	168
28022	179
44305	247 241
72590	204
14000	266
5610	204
72399	134
10469	222
57407	138 138 142 144
63483	168
22742	147
75499	247
79484	135 137 138
68296	206
41662	172
20785	128
80199	262
62853	179
80094	179
76430	206
84297	128
22520	135
88190	231
45255	166
11659	134
57844	177
68846	147
60572	231 134 147 272 273
85903	134
85503	134
75230	134
55888	134
82665	134
61034	128 282 179 128
48180	221
25203	152
2623	138 138 140 168 204
17575	138
73225	179
25425	168 167 168
71464	128
66441	179
42740	135
85699	209
51908	172
10584	183
71354	179
56061	150
6732	169
87381	158
582	164
86303	180
44626	247
43127	183
79543	233
60857	135
23134	207
67718	158 158
20924	180 277
62266	252 262
70419	204
8903	135
38106	233
53236	263
27918	263 263
28881	135
922	172
3741	247
73609	205
5569	192
58884	180
49569	141
1952	247
34446	128 164
15582	168
24013	172
21649	247
54022	172
83714	179
36757	164
30877	179
76889	168
71643	180
2690	262
24932	209
3828	152
76280	172
9027	178 247
8221	158
40403	159 168 172
22530	247
42915	178
45634	263
21096	241
56199	142
77394	268
34236	263
74682	168
85918	167
6429	209
8136	179
64248	172 173 174 175
67899	135
61077	283
33265	158
13154	137
86737	178
76855	187
73722	227
19686	178
31153	179 168 179 180
58162	247
7190	134
70530	247 222
56962	158
19232	691 254
64671	181
62344	179
36643	204
30576	152 152
29317	179
