100012
100060
10011
100169
100328
100329
100429
100502
100695
100699
100919
100934
100959
101027
101029
101259
101390
101447
1015
101552
101562
101563
101726
101763
101821
101876
102208
102229
102311
102322
102393
102446
102517
102520
102563
102597
102665
102667
102792
102863
102873
102894
10297
103023
103047
103098
103129
103143
103239
103301
103367
103377
10339
103525
103557
103570
103689
103774
103908
103945
104047
10420
104228
104252
104260
104345
104393
104438
104480
104791
104848
104851
105031
105060
105114
105158
105218
105237
10525
105311
105338
105362
105392
105488
105528
105593
105600
105622
105685
105723
10577
105793
105803
105849
10587
105913
105978
106058
106077
106079
106205
106237
106259
106270
10628
106310
10633
106361
106448
106517
106540
106620
106647
106673
106691
106836
10689
106954
106990
107328
107366
107397
107444
107447
107543
10758
10768
107778
107865
107901
108266
108299
108326
108470
108472
108563
10858
108602
108642
108706
108840
108858
10892
108942
108944
108947
108964
109047
10905
109089
109122
109141
109154
109160
109181
109216
109263
109274
109370
109401
109454
109461
109463
109556
109650
109674
109691
109700
109762
10985
109904
109956
11005
110069
110240
110248
11033
110379
110430
11044
110442
110474
110491
110522
110539
110600
110643
110692
110726
110730
110901
110915
110926
110994
111136
111147
111196
111246
11129
111312
111385
111408
11143
111610
111688
111711
111787
111795
111866
111882
112002
112078
112088
112130
11221
112260
112540
112574
112610
112622
112671
112683
112779
112959
113015
113055
113058
113080
113087
113149
113169
11333
113358
113383
113454
113490
113492
113533
113594
113612
113720
113726
113760
113796
113797
113819
113958
114053
114284
114316
114349
114618
114738
114753
11479
114893
114977
114981
115
115011
115130
115189
115265
115273
115277
115302
115332
115394
115426
115499
115664
115747
115804
115970
116024
116117
116154
116256
116291
116322
116442
116467
116521
116565
116580
116584
116606
116719
116731
11676
116780
116836
116998
11701
117024
117138
117172
117207
117322
117367
117456
11748
117610
117621
117632
117691
117704
117712
117713
117725
117734
117746
117750
117761
117765
117821
117883
118000
118124
118223
118269
118389
118427
118469
118491
118636
11870
118766
118823
118837
118846
11886
118919
118932
118935
118948
118972
119007
119061
119077
119131
119185
11924
119309
119411
119554
119598
119668
119718
119757
119774
12010
120112
120118
120128
120197
120254
120292
120387
120474
12055
120552
120617
120624
120660
120695
120716
120769
120773
120831
120860
12088
120907
120917
120939
120961
121058
121092
121136
121150
121163
121230
121268
121352
121370
12142
121491
121495
121520
121714
121742
121743
121748
121945
122027
122132
12219
122219
122256
12232
122371
122376
122434
12245
122538
122539
122573
122632
122669
122714
122731
122812
122884
122896
122900
122934
122971
1230
123109
123111
123179
123311
123322
123334
123395
12340
12349
123505
123511
12352
123544
123553
123578
123605
123632
123680
123717
123763
1238
123815
123831
123835
12384
123894
12392
123966
123973
124009
124032
124067
124088
124106
124114
124115
124141
124332
124376
124442
124453
124477
124521
124542
124581
124609
124610
124732
124768
124870
124977
124987
124989
125094
125120
125130
12521
125258
12530
125345
125365
12538
125487
125583
125593
125714
125723
125782
1258
125858
12591
125922
126066
12609
126154
12616
126163
126241
126281
126311
126343
126452
126534
126556
126560
126592
126636
126682
126755
127036
127116
12718
127241
127254
127292
127551
127552
127609
127610
127750
127765
127818
127844
127863
127914
128041
128043
128049
12806
128099
128182
128252
128291
128316
128339
1284
128453
128527
128571
128578
128618
128630
128637
128649
128750
128819
128879
12889
128986
129022
129078
129099
129116
129121
129159
129175
129189
129243
129282
129306
129476
129700
129745
1298
129981
130002
130006
130025
130067
130178
130187
130199
130314
130317
130329
130338
130367
13050
130552
130555
130654
130680
130698
130777
13085
130854
130902
130913
131118
13113
131170
131172
131187
131226
131234
131305
131416
131432
131538
131627
131735
131737
131885
131896
132064
132080
132129
132220
132360
132403
132507
132528
132540
132689
13282
132823
132866
132989
133062
133304
133325
133334
133380
133407
133436
133500
133634
133636
133699
133730
133761
133840
133924
134031
134051
134102
134153
13428
134311
134313
134363
1344
134504
13455
134679
134832
13488
134955
134957
134973
134990
135061
135134
135173
135360
135438
135471
13548
135493
135547
135590
135613
135630
135642
135750
135979
136055
136073
136132
136212
136342
136492
136493
136508
136529
13653
136598
136601
136636
136651
136710
136714
136860
136932
136951
136981
137049
137061
137062
137064
137100
13713
137136
137183
137348
137412
137652
137697
137731
137761
13777
137851
137874
137892
137999
138099
138100
138136
138145
138164
138179
1382
13828
138317
138426
138488
1386
138734
138845
138941
139041
139096
13924
139369
139417
139441
139468
139539
13958
139583
139604
139658
139681
139807
139921
140006
140017
140139
140152
140169
140228
140291
140299
140323
140370
140425
140503
140633
140677
140706
140736
140784
140785
140798
14083
140881
140951
140989
141047
14110
14173
14181
14188
14252
14303
14503
14596
14861
15049
15052
15070
15329
15330
15366
15404
15434
15445
15475
15491
15502
15522
15555
15563
15608
15609
15650
15651
15688
15701
15770
15775
15834
15887
15893
15922
15930
16074
16142
16156
16250
16254
16286
1631
16455
16653
16772
16855
16903
16943
17025
17202
1722
17242
17255
17283
17299
17310
17345
17351
17403
17483
17666
17705
17741
17810
17919
1793
17946
18064
18078
18087
18117
18120
18131
18143
18175
18194
1823
18288
18366
18368
18381
18440
18474
18491
18641
18723
18729
18815
1887
1889
189
18981
19053
191
19104
19181
19220
1925
19264
19318
19365
19448
19451
1953
19590
1965
19772
19854
19867
19945
19950
19969
19997
20048
20095
20108
20132
20140
202
20257
20283
20305
20348
20352
20400
20440
20482
20485
20585
20658
20816
20823
20842
20880
20896
20915
20917
20924
20951
20999
21185
21228
21274
21292
21379
21413
21429
21444
21546
2157
21621
21728
2173
21737
21784
21820
21832
21868
22020
22079
22092
22274
22355
22379
2240
22440
22486
22514
22525
22544
22700
228
22819
22854
22990
23063
23122
23145
23150
23159
23170
23199
23239
23240
23245
23286
23374
23425
23562
23580
23639
23642
23656
23689
23694
23716
23845
23890
23911
23929
23964
24081
24100
24110
24124
2416
2421
24267
24283
24461
24467
24470
24478
24522
24556
24690
24705
24725
24780
24786
24919
24940
25065
25121
25140
25167
25273
25320
25407
25436
25520
25601
25617
2568
25716
25774
25837
25859
25861
25983
26017
2602
26054
26121
26147
26243
26284
26298
2635
26387
2641
26438
26462
26465
2653
26642
2667
2671
26734
26759
26865
26883
26893
27087
27180
27323
27328
27356
27359
27469
27752
27793
27808
27867
27875
27881
28171
28177
28259
28350
28377
28427
28452
28516
28571
28656
28695
28733
28756
28942
28984
2904
29044
29053
29072
29077
29080
29083
29094
29144
29182
29194
2928
29285
29316
29391
29439
2945
2950
29609
29640
29744
29746
29764
29889
29963
30093
30115
3020
30216
30305
3032
30355
30386
30396
30470
30524
30580
30702
30705
30736
30754
30842
30865
3090
31052
31162
31244
31312
31319
31363
31368
31451
31472
31492
31536
31551
31612
31650
31709
31754
31771
31798
31810
31827
31828
31866
31913
31994
32061
32100
32125
32129
32252
32280
32295
32387
32490
32650
32658
32667
32699
32796
3280
32839
32929
32964
32996
330
33036
33081
33165
33187
33258
33356
33433
33445
33457
33487
33603
33626
33650
33684
33917
3409
3411
3416
34239
34273
34291
34292
34311
3434
34431
34471
34529
34566
34570
34728
34802
34948
34957
34960
35
35017
35027
3505
35191
35202
35243
35360
35368
35388
35414
35427
35445
35523
35555
3556
35668
35725
35730
35758
3576
35771
35901
35987
36130
36144
36269
36333
36674
36679
36716
36728
36801
36902
36919
37011
37056
37274
37309
37353
37380
37454
37483
37586
37630
37645
37660
37877
37891
37915
38166
38301
38348
38360
38388
38525
38556
38670
38672
38738
38801
38838
38859
38886
38896
38942
38945
3897
38978
39040
39044
39075
39096
39111
39126
39140
39215
39277
39320
39353
39358
39388
3943
39454
39509
39517
39522
39604
39614
39671
39768
39799
39852
39865
40008
40037
40076
4021
40252
40418
405
40569
40771
40897
4092
40921
40953
41001
41039
41049
4107
41075
41127
41144
41182
41185
41194
41216
41296
41326
4134
41361
41373
41423
41455
41470
41493
41543
41641
41828
41862
41889
41996
42087
4210
42168
4229
42301
4233
4235
42498
42595
42613
42617
42687
42701
42715
42736
42824
42828
42959
42986
42987
43068
431
43151
43156
43192
43237
43273
4329
43467
43537
43565
43596
43708
43745
43746
43771
4379
43892
43944
44077
44105
44127
44200
44218
44254
4431
44329
44332
44389
44404
44583
44652
44738
44760
44793
44825
44863
44890
44984
45054
45163
45283
45317
45412
45416
45455
45508
45521
45600
4563
45694
45695
45699
45744
45887
45912
45924
45925
45946
46048
46224
46305
46309
46344
4637
46373
46427
46497
46507
46543
46574
46576
46621
46625
46634
46642
46671
46720
46732
46764
46789
46795
46838
47000
47090
47151
47279
47289
47424
47432
47469
47549
47613
47786
47875
4796
47966
48037
48082
48197
48202
48296
48301
48327
48422
48426
48433
48440
48448
48500
4852
48630
48972
48987
49002
49019
49110
49264
49292
49442
49466
49509
49581
49644
49769
49813
49844
49845
49930
49998
50022
50101
50225
5037
50419
50426
50430
50507
50525
50649
50665
50698
50725
50756
5077
50800
50817
50829
50848
50889
50996
51008
51050
51093
5114
51154
5124
51268
51359
51544
51557
51612
51633
51688
5171
51747
51754
5179
51842
51972
51973
51992
52018
52061
52079
52137
52161
52247
52303
52304
52364
52438
52514
52537
5254
52583
5263
52717
52719
52723
52740
5278
52830
52889
5290
52986
53096
5312
53121
53156
53163
5325
53355
5346
53529
53584
53735
53780
5382
53822
53831
53839
53849
53904
53906
54037
54109
54179
54330
54350
5453
54590
54754
5490
54950
54973
55010
55055
55114
55143
55156
55168
55186
55350
5538
5544
55482
55491
55517
55518
55523
5566
55723
55887
55927
55938
56024
56061
56066
56160
56173
56229
56237
56338
56367
56412
56621
56685
56846
56853
56866
56888
56914
57028
57064
57138
57159
57273
5753
57531
57561
57660
57680
57801
57958
57981
57983
58102
58103
58189
5825
58275
58280
58306
58388
58482
58558
58661
58671
58683
58705
58783
58810
58914
58932
5897
5899
590
5902
59037
59039
59079
59086
59210
59214
59285
59404
5941
59523
59547
5959
5961
59641
59650
59652
59677
59752
59793
59944
60180
60247
60331
60369
60386
60423
60432
60448
60498
60535
60554
6058
60602
60656
60697
60779
60994
61000
61037
61152
61279
61345
61349
61370
61514
61547
61556
61598
61667
6175
61811
61838
61848
61938
61980
61999
62174
62189
62257
6226
62271
62394
62419
62473
62487
62499
62504
62552
62557
62566
62604
62697
6277
62784
62881
62925
62969
62982
6306
63078
63090
63095
63263
6340
63428
63441
635
63529
63530
63551
6381
63874
63875
63917
63923
63933
63952
64076
64135
64236
64353
64402
64526
64546
64557
64589
64689
64752
64813
64823
6493
65006
65076
65100
65137
65145
65157
65282
65298
65311
65453
65501
65577
65638
65728
65798
65802
65819
6602
66049
66097
66127
6620
66292
66343
66440
6645
66454
6646
66486
66514
66536
6657
66635
66647
66658
66670
66719
66813
66849
66895
6692
67026
67098
67116
67216
67321
67358
67503
67714
67768
67807
68011
68033
68042
68101
68120
682
6828
68291
68319
68370
68387
6844
68518
68528
68632
68685
68733
68740
68817
68825
68847
68890
68895
68920
68961
68979
69021
69097
69217
69245
69302
69339
69430
69550
69581
69598
69611
69753
69914
69946
70030
7005
70168
70335
70375
70383
70417
70555
70575
70667
70762
70872
70878
70898
709
70948
70967
71027
71073
71196
71220
71289
71304
71449
71482
71492
71545
71671
71693
71697
7170
71712
71724
71759
71770
71774
71782
71859
71924
71987
72081
72084
72088
72277
72536
72638
72973
73025
73042
73068
73109
73167
73177
73221
7325
7334
73365
73471
73491
73546
73641
73648
73662
73763
73773
73801
73856
73890
73960
73967
73986
73995
74023
74057
74230
7428
74358
7442
74536
74567
74568
74637
74657
747
74726
7477
7480
74802
74832
74964
75032
75033
7504
75062
75204
75213
75221
75300
75358
75372
75418
75487
75504
7557
75846
75856
75870
75913
7605
76067
76133
76154
76219
76302
7641
76436
76561
76565
76619
76643
76703
7671
76749
76759
76762
76770
76781
76799
76805
76859
76932
76949
76993
77009
77018
77124
77128
77201
77207
77239
77322
77347
77382
77395
77451
77557
77638
77681
77752
77819
78079
78117
78138
78273
78287
78356
78408
78433
78518
78645
78765
78779
78843
78855
78859
7890
78932
79069
79136
79174
7924
79419
7942
79457
79575
79668
79702
79727
79733
79768
7985
79875
79897
79908
79989
80051
80064
80144
80179
80207
80335
80379
80397
805
80519
80561
80593
80765
80837
80883
80898
80922
80971
8102
81065
81152
8117
81211
81254
8139
81390
81399
8144
81479
81629
8168
81687
81700
81721
81766
81787
81855
81976
81992
82185
82250
82290
8233
824
8245
82531
82534
82957
82978
82979
82995
83078
83088
83267
83269
83298
8330
83354
83375
83379
835
83500
83562
83592
83608
83634
83785
83805
83835
83890
83914
84007
84146
8416
842
84228
84295
84301
84304
84319
84342
84407
84417
84448
84526
8469
8482
8484
85039
85057
851
85205
8528
85322
85453
8550
85580
85620
85724
85848
85871
85889
86081
86097
86103
86131
86148
8619
86207
86237
86312
86524
86586
86597
86710
86782
86854
86948
87004
87043
87327
87411
87462
87498
87522
87676
87699
87777
87789
87905
87916
87935
88005
88014
88105
88114
88149
88207
88210
8832
88333
88418
88484
88578
88589
88640
88664
88777
88873
88928
89130
89202
89236
89242
89258
89284
89374
89484
89533
89664
8967
89705
89777
89821
89822
89823
89848
89875
89879
89913
89944
89954
89982
89988
90074
90157
9021
90221
90297
90391
90413
90423
90660
90673
90765
90768
90788
90862
90873
90922
90950
90984
91039
91046
9107
91163
91232
91305
91363
91400
91535
91543
91630
91645
91730
91761
91794
91804
91876
91894
91902
9204
92106
92124
92171
9219
92287
92392
92507
92518
92669
92674
92677
92683
92707
92711
92753
92772
92876
92888
92897
92990
9302
93218
93343
93395
93519
93526
93598
93641
93712
93826
93949
93961
94023
94026
94176
94199
94359
9439
94408
94431
94443
94464
9454
9455
94587
94609
94713
94741
94830
94861
95005
95055
95097
95113
95130
9514
95175
95180
95212
95285
95306
95378
95391
95392
95434
955
95541
9562
95641
95675
95783
95794
95815
95824
95839
95905
95972
96017
96046
96142
96214
96222
96230
96252
96397
96455
96508
96515
96593
96637
96761
9677
9680
96843
97138
97188
97319
97365
97398
97431
97435
97442
97461
97550
97565
97682
97730
97739
97776
97827
97964
98124
98319
98338
98341
98401
98430
98441
9846
98536
9855
98672
98720
98792
98865
98903
98904
98931
98957
990
9915
99172
99174
99245
99317
99438
9944
99457
99615
9973
99774
99777
99845
99852
99906
99976
